"V1" "V2" "V3" "V4" "V5" "V6" "V7" "V8" "V9" "V10" "V11" "V12" "V13" "V14" "V15" "V16" "V17" "V18" "V19" "V20" "V21" "V22" "V23" "V24" "V25" "V26" "V27" "V28" "V29" "V30" "V31" "V32" "V33" "V34" "V35" "V36" "V37" "V38" "V39" "V40" "V41" "V42" "V43" "V44" "V45" "V46" "V47" "V48" "V49" "V50" "V51" "V52" "V53" "V54" "V55" "V56" "V57" "V58" "V59" "V60" "V61" "V62" "V63" "V64" "V65" "V66" "V67" "V68" "V69" "V70" "V71" "V72" "V73" "V74" "V75" "V76" "V77" "V78" "V79" "V80" "V81" "V82" "V83" "V84" "V85" "V86" "V87" "V88" "V89" "V90" "V91" "V92" "V93" "V94" "V95" "V96" "V97" "V98" "V99" "V100"
"1" 0 0 0 0 0 0 0 0 0 0 0 0 0 0 0 0 0 0 0 0 0 0 0 0 0 0 0 0 0 0 0 0 0 0 0 0 0 0 0 0 0 0 0 0 0 0 0 0 0 0 0 0 0 0 0 0 0 0 0 0 0 0 0 0 0 0 0 0 0 0 0 0 0 0 0 0 0 0 0 0 0 0 0 0 0 0 0 0 0 0 0 0 0 0 0 0 0 0 0 0
"2" 0.625 2 0.142857142857143 0.2 0.333333333333333 0.6 0.666666666666667 0 0 0.416666666666667 0.142857142857143 0.0769230769230769 0.25 0 0 1 1 1 0.25 0.833333333333333 0 0 1 0.333333333333333 0 0.166666666666667 0 0.2 0.846153846153846 0.571428571428572 0.0416666666666667 0 0.0697674418604651 0.1 0 0.5 0.166666666666667 0 0 0.5 1 0 1 1 0.210526315789474 0.666666666666667 0.320754716981132 0 0 0.25 0.0434782608695652 0 0.0625 0.125 0.0588235294117647 0 0.132075471698113 0 1 0.5 0.692307692307692 0.396551724137931 0.5 0 0 0 1 0 0.25 0.142857142857143 1 0.111111111111111 0.2 0 0 0 0.333333333333333 0 0.100840336134454 0 0.285714285714286 0 0.222222222222222 0.2 0.166666666666667 0 0 0 0.384615384615385 1 0.25 0 0.5 0.5 1 0 0 0.357142857142857 0 0.166666666666667
"3" 1 1 0 0 1 0 0.25 0 0.142857142857143 0 0.416666666666667 0 0 0 0 0 0 0 0 0 0 0 0 0 0.142857142857143 0 0 0 0.333333333333333 0 0 0.333333333333333 0 3 0.666666666666667 0 0 0 0 0 0 0 1 0 0 0 1.5 0 0 0 0.6 0 0 0 0.285714285714286 0 0.6 0.166666666666667 0 0 0.875 0.5 0 0 0 2 0 0 0 0.272727272727273 0.4 0 0 0 0.5 0 0 0 0 0 2 1 0 0.571428571428572 0 0 0.230769230769231 1 0.5 0 0.25 0.333333333333333 0 0 0 0 0 0.333333333333333 5 0
"4" 0.5 0 0.25 0.375 0 0 1 1 6 9 3 1 0 0.833333333333333 1 0 4 0 8 1 3 2 1 4 0.166666666666667 0 0.647058823529412 1.5 0.105263157894737 0.191780821917808 0.133333333333333 3 0.5 1 0.125 0 1 0 3 2 1 1 1 0 0 1 0.54 1 2.25 0.142857142857143 0 0.25 0 1.5 0.130434782608696 1.75 0.789473684210526 0 0.5 0 1 0.294117647058823 0.224489795918367 0.666666666666667 0.2 0 1 1 3 3 1 7 0.333333333333333 0.5 4 0 2 5.5 0.111111111111111 0.19047619047619 0.235294117647059 1 0.1 0 0.346153846153846 0.6 1.6 0.266666666666667 0.5 1 0.5 0.428571428571429 0.142857142857143 0 0 0.166666666666667 4 1 2 1
"5" 0.272727272727273 0.181818181818182 0 0 0 2 0.142857142857143 1 0.5 0 1 0 0 0.142857142857143 2 1.66666666666667 1.2 0 0 0 0.25 0 0 0 0 0 0 3 0.6 0.117647058823529 0.333333333333333 0.111111111111111 1 0.5 0 1 0 0 0.5 0.04 0 0 0 0.153846153846154 0.25 0 0.121212121212121 0.666666666666667 0 0.5 1 0.5 0 0 0.0666666666666667 0.5 0 0 1 0 0 0 0.0833333333333333 1 0.4 1 2 0.75 1 0 0 0.357142857142857 0 0 0 0 0 3.5 0.25 3 0.833333333333333 0.5 0 0.5 3 1 1.83333333333333 1 0.333333333333333 0.25 0 1 0 0 0 1 0 0.5 0 0.461538461538462
"6" 0 0 0.111111111111111 0 0 0.0666666666666667 0 0 0.25 0 0.142857142857143 0 0.5 0 0.333333333333333 0 0 0 0 0 1 0 1 0.666666666666667 0.25 0.5 0 0.212121212121212 0.25 0 0.285714285714286 0 0.2 0.2 0 0 0 0 0 1 1 0 0 0 1 0 0.5 0.17948717948718 0 2 0 0 0.285714285714286 0 0.285714285714286 0 0.12 0.5 0.285714285714286 1 3 0.833333333333333 0.0526315789473684 1 0.142857142857143 0 0.666666666666667 0 0 1 1 0.25 0 0.2 0.5 0.333333333333333 0 1.5 5 0.266666666666667 0.5 0.2 0.166666666666667 0.333333333333333 0.142857142857143 0 0.175438596491228 0 0.133333333333333 0 0.1875 0 0.25 0 0 0.5 1.5 0 0 1.5
"7" 0 0.222222222222222 0.538461538461539 0 0 0 0 1 3 0 0.333333333333333 0 0.2 0.75 0.166666666666667 0 1 3 2 2 5 1 0.25 1 1 1 1 1 2 0.242424242424243 0 1 0.125 1 0.0526315789473684 0.333333333333333 0.625 0 1 0.5 2 0 0 1 0.5 0 0.115384615384615 0.333333333333333 0.5 0.2 0 1 0.25 1 0.04 2 0 2 0.428571428571429 1.5 0.666666666666667 0.0769230769230769 0 0 0 1 1.33333333333333 0.1 0.125 0.0294117647058823 0.1 0.03125 0.037037037037037 0 0 0 0.0909090909090909 0.125 0.0434782608695652 0.0588235294117647 0 0 0.333333333333333 0.25 0.0689655172413793 0 0.116666666666667 0.25 0 0.111111111111111 0.4 0 0.333333333333333 0 2 1 0 0.5 0 0
"8" 0 0 1.5 0 0.8 0 3 2 0 1.75 1 1 0.166666666666667 0.5 0.5 4 7 2 0.111111111111111 0.5 0.352941176470588 0 2 0 0 8 4 2 0.0909090909090909 0.0555555555555555 0 0 0 0 1 1 1 1.25 1 0 0 5 1 1 2 0 0.666666666666667 0 0.125 0 0.3 1.2 0.846153846153846 0.0303030303030303 0 0 4 0 0.2 0 0 0 0.2 1 0 2 1 0 0 0.333333333333333 2 0.166666666666667 0 0.166666666666667 1 0.166666666666667 1 0.285714285714286 7 5 1 0.666666666666667 0.5 0 5 1 3 3 1.14285714285714 0 2.66666666666667 0 2.5 0 0 0 0.333333333333333 0.222222222222222 0 3.5
"9" 0.111111111111111 0.5 0.166666666666667 0.5 0 4 0 6 4 1.2 0.0625 0 0.25 0.222222222222222 0.166666666666667 1.625 0 0 0 1 2 0 1 0 1 1 1 3 1 9 11 2 1 2 3 0 3 6 2 2 0.857142857142857 0 0.666666666666667 0.333333333333333 0.0714285714285715 1 0.25 1 0 3 0.578947368421053 0.151515151515152 1 0.0909090909090909 0.333333333333333 1 0.25 0 2 0.333333333333333 0.25 0.0526315789473684 0.0769230769230769 0.333333333333333 0.5 2 0.34375 0 2 0.75 0 0 0.230769230769231 0 0.5 2 0 1.66666666666667 0.142857142857143 0.205128205128205 0.0769230769230769 0.0625 0 0.181818181818182 0 0 0 0.666666666666667 0.2 0 0 0 0 0 0 1 0 1 1 1.5
"10" 1.5 0 0 1 1 1 0.333333333333333 0.5 1 0.166666666666667 0.0588235294117647 0 1 0.142857142857143 0.142857142857143 0.285714285714286 0 0.75 1 0 0.666666666666667 2 0 5 1 1 0 0 3 5 2 0 0.142857142857143 0.2 0.125 2 0.25 1 0.176470588235294 1.66666666666667 0.0333333333333333 0.142857142857143 0 1 0.142857142857143 1 3 3 4 0.5 0.25 0.166666666666667 0.111111111111111 0.333333333333333 0.142857142857143 3 1.6 0.5 0.0769230769230769 0.0588235294117647 0 0.5 0.111111111111111 0.75 0.5 1.66666666666667 6 0.0869565217391305 0.25 0.2 0.0434782608695652 0 0.666666666666667 0.142857142857143 0.048780487804878 1 3 0.0588235294117647 0 0.153846153846154 0.2 0 0.0740740740740741 0.0714285714285714 0.166666666666667 1 0.166666666666667 0 0 0.375 0 2 0.142857142857143 0 0.4 0.2 0 0 0 0.375
"11" 0 0.181818181818182 0.333333333333333 0 2 0 0 0.0588235294117647 0 0 1 1 0 0.333333333333333 0 0 2.5 2 3 0 1 0.290322580645161 0 0 0 2 0.4 1 0.0833333333333333 0.12962962962963 0.5 1.33333333333333 0.333333333333333 0.1 0.142857142857143 0 1 1.33333333333333 0.333333333333333 0.1 0 0.2 1 0.333333333333333 0.235294117647059 0.5 1 0.5 0 5 0.0869565217391305 0.285714285714286 1 0.3 1 0.5 0.0526315789473684 0 0.222222222222222 1 0.0769230769230769 0.0526315789473684 0.0344827586206896 0.333333333333333 0.142857142857143 3.33333333333333 0.5 0.148148148148148 0.25 0.25 0.0952380952380952 0.25 0.0833333333333333 0.111111111111111 0.333333333333333 0 0 0.45 0.25 0 0 0.875 0.0625 0.222222222222222 0.076923076923077 0 0.380952380952381 1.33333333333333 1.66666666666667 0 0 0 0 0 0.25 0.285714285714286 1 0.666666666666667 1 0.285714285714286
"12" 0 0 0 0 0 1 0.5 0 0.166666666666667 1 0.4 0 1 0 0 1 0.333333333333333 1 0 0 0.0588235294117647 0 1 0 0 1 0 0.2 0.571428571428571 1 0 0 0 0 0 0.333333333333333 0 0 0 0 0 0 0 0 1 0.1 0.333333333333333 0 0 0 0 0 0.25 0.125 0.181818181818182 0 0 0 0.333333333333333 0 1.66666666666667 0.5 0 0 0 0.2 0 0 0 0 0 0 0 0 0.666666666666667 0 1 1 0 0 0.2 0 0 0 0.25 0 0.0833333333333333 1 2 0.1 0.4 0 0.25 0 0.0588235294117647 0 0 0 0 0
"13" 1 0 2 2 4 2 4 3.5 0.2 0 0.4 1 0.0666666666666667 0.333333333333333 0.5 5 0.823529411764706 0.4 1 1 0.114285714285714 0 0 0.0769230769230769 0 0 0 0 5 0 2 1 1 0.666666666666667 0 0 3 1 4 3 1.33333333333333 0.0588235294117647 0 0.2 0.153846153846154 2 0 0.666666666666667 0 0.5 0 2 3 1 0.533333333333333 1 0.5 0.333333333333333 0.0666666666666667 0.333333333333333 5 0.0517241379310345 0 1 0 0.166666666666667 2 0 0 0 1.33333333333333 2 0.666666666666667 1 1 0 0 3.2 0.666666666666667 1 0 0 2.75 2 0.833333333333333 0.2 0.2 0.666666666666667 5 0.214285714285714 0.222222222222222 0 0 0 0 0.2 0 0 0.428571428571429 0.19047619047619
"14" 0 0 0.8 0.857142857142857 0 2 2 0 0.5 0 1 0 0 0 0 0 0.0833333333333333 2 0 0 0 2 0 0 4 0 0 0.444444444444444 0.857142857142857 0 0 0.1 1 0 0.4 0 0 2 0.142857142857143 0 0 1 1 0 0 0 0 0 0 0 0 0 6 0.222222222222222 0 0.2 0 0 0 0.333333333333333 2.33333333333333 0.666666666666667 0.272727272727273 1.5 0 1 0 0 0.166666666666667 0 0.3 0 0.2 0.5 0.2 0.142857142857143 0 1.66666666666667 5 2 0.714285714285714 0 0 0 1 0 0.133333333333333 0 0.333333333333333 0 0 0 0 0 0 0 0 0 0 1
"15" 0 2 3 6 3.5 1 4 3 3 1.5 1.5 1 0 2 1 0 0 0 1 1 2 5 2 1 0 0 2 3 3 0 0 1 2 0 0 0 0 0 0 0 0 0 0 1 1 3 8 1 0 0.5 0 1 3 2.5 1 0 0 0 1 5 0 1 2 1 0 0 2 1 5 0 1 5 3 0 1 1 0 1 4 4 0 1 1 0 3 3 0 1 2 0 0 0 0 0 0 1 3 2 2 1
"16" 0 0 0 0 0 0 0 0 0 0 0.166666666666667 0 0 0 0 0 0 0 0 0 0 0 0 0.142857142857143 0 0 0 0.3 0.307692307692308 0 0 0 0 0 0 0 0.5 0 0 0 0 0 0 0 0.142857142857143 0 0 0 0 0 0 0 0 0.233333333333333 0 0.25 0.173913043478261 0 0 0 0 0 1 0 0 0 0 0 0 0.25 0 0.142857142857143 0.1 0 0 0 0.25 0.0625 0 0.111111111111111 0.333333333333333 0 0 0 0 0.25 0.1 0 0 0 0 0 0 0 0.333333333333333 0.181818181818182 0.5 0 0 0
"17" 0 0 0 0 0 0 0 0 0.111111111111111 0 0 0 1 0 0 0 1 0 0 0 0 0.2 0.333333333333333 0 0 0 0 0 0 0 0 0 0 0 0 0 0 0 0 0 0 0.4 0 2 0 0.2 0 0 0 0 0 0.142857142857143 0 0 0 0 0 0 0 0 0 0.0666666666666667 0.0519480519480519 0 0 0 0 0 0.5 0 0.461538461538462 0.0232558139534884 0 0 0 0 0 0 0 1.5 0.0526315789473684 0 0 0.25 0.142857142857143 0 0.134615384615385 0 0 0 0 0 0 0 0 0 0 0 1 1
"18" 2 0 0 1.25 1 0 1 1 1.5 1 2.33333333333333 3 2 3 2 2 0.785714285714286 0 0 0.5 0 0 1.5 0.333333333333333 0 1 0 0 0.571428571428571 0.333333333333333 1.11111111111111 1 0 2 0.5 2 3 0 2 3 0 4 2 0.666666666666667 0.25 0 0.846153846153846 0.5 0.111111111111111 0 0.166666666666667 0 0.357142857142857 0.166666666666667 0.230769230769231 1 0 3 1 2 0.12 0.142857142857143 0 0 1 7 0.5625 1 0.0555555555555555 0 0.238095238095238 0.0384615384615385 0.189189189189189 0 1 1 0 5 0.392857142857143 1 0 0.5 0.461538461538462 0 0.208333333333333 2 0.384615384615385 1.5 0 0 0.0833333333333333 0 0 0 1.4 0.2 0.2 0.4 0.666666666666667 2
"19" 0.0666666666666667 0 0.666666666666667 0.4 3 0.5 1 0 0.107142857142857 1 0 0 0 0 1.4 2 0.266666666666667 0.2 0.142857142857143 0.111111111111111 0 3 0 2.5 4.66666666666667 0.107142857142857 0 0.285714285714286 0.5 0.125 0.333333333333333 0.142857142857143 0.230769230769231 0 0 5 1 0 2 3 0 5 0.4 0 0 0 1.5 2 0 0 2 2 3 1 0.125 0 2.16666666666667 0 1 0 0.2 0.259259259259259 0 0 0.2 1 1.57142857142857 3 0.428571428571429 0 0.0952380952380952 0.727272727272727 1 0 0.2 0 0.333333333333333 0.777777777777778 0.181818181818182 0 0.454545454545454 0 0 0.5 0.0888888888888889 0 0 3 1 2 0 0 0 3 0 0.478260869565218 0.5 0.333333333333333 1.33333333333333 3
"20" 3 0.2 0 0.857142857142857 0.03125 0 3 1.25 1 1 0.666666666666667 0 3 0.571428571428572 0.4 0 1 4 1 4 4 0.333333333333333 0.333333333333333 0.1 0.5 3 4 2 3 0.428571428571429 1 0.333333333333333 0.111111111111111 0.1 4 1 2 1 3.33333333333333 0.142857142857143 1 0 0 0 3 0 7 3 2 6 4 0.888888888888889 0.0909090909090909 0.222222222222222 3 5 0.384615384615385 0.333333333333333 0.217391304347826 2 0.333333333333333 1 1 0 3 6 6 0.157894736842105 0.5 0.4 2 12 5 2.25 0.333333333333333 1 11 4 5 4 0.125 0.25 0.5 1 0.161290322580645 4 1 0.4 1 1 3 3 2 1 0.142857142857143 1.36363636363636 1 2 1 5
"21" 0.0465116279069768 2 0.17741935483871 0.5 0 0 0.666666666666667 0 0 0 1 0 0 0.5 0.153846153846154 0 0 0.5 14 0 0 0.107142857142857 0.25 0.142857142857143 0 0 0 0 1.2 0.2 0 0 0.125 1 0.230769230769231 2 0.0769230769230769 1 0 3 0.5 0.2 0 0.333333333333333 2 4 0.0597014925373134 0.6 0.0769230769230769 0.0714285714285714 0 0 1.16666666666667 0.1 0.363636363636364 2 0.142857142857143 0.0769230769230769 0.166666666666667 0 0.125 0 1 0.142857142857143 0.111111111111111 0 2 3 0 3 8 0.142857142857143 0.16 0.25 0.0909090909090909 0 0.125 0.216216216216216 0.0833333333333333 0 0.166666666666667 0.333333333333333 0 0 0.113636363636364 2 0.5 1 0.193548387096774 0 0 0.333333333333333 0.333333333333333 0 0 1.66666666666667 0 0.2 0 0
"22" 0 4 0.545454545454546 0.25 0.666666666666667 1 0 1 4 0 0.235294117647059 1 0.153846153846154 1 0.555555555555556 1 16 0 0.444444444444444 0.5 0 0.8 0 0 0 0 1 0 1 7 0.333333333333333 1 0.8125 4.5 0.857142857142857 1 3 0.5 0.294117647058824 0.0909090909090909 1 0.166666666666667 0.133333333333333 0 0.25 0.428571428571429 7 0.142857142857143 0.2 0 0 0.235294117647059 0.171428571428571 5 0.133333333333333 0.2 4 0 4 2 1 0.232558139534884 0.476190476190476 0.0833333333333333 0 6 1 6 1 0 4 0.125 0.111111111111111 1 0.666666666666667 0 8 0.64 0.333333333333333 0.5 0.0714285714285714 0 0.428571428571429 0.133333333333333 0.666666666666667 0.5 0.833333333333333 0 3 1 0.916666666666667 0 0.4 0.111111111111111 0.266666666666667 5 7 0.5 1 1
"23" 0 0.5 0 0 0.5 0 1 5 0 1 1 0 0.333333333333333 0 2 0 0 0 0 2 3 1 0 0 1 0 0 0 1 0.142857142857143 1.14285714285714 0.4 0 1 2 2 2 3 0 2 1.6 0 1 1 2 0 1 6 0.5 0 0.5 1 0 2 1.75 2 2 0 0.571428571428572 0.25 0 0.833333333333333 0 0.357142857142857 0 0 2 1 2 0 5 5 6 0 0 4 8 1 0.416666666666667 0.307692307692308 0.08 0.25 0.2 0.125 0.181818181818182 0 0.25 1 0 0 0.0769230769230769 0 2.5 1 1 0.333333333333333 1 3 1 1
"24" 0.1 0.111111111111111 0 0.2 0 0 0 0 0.5 0 0.166666666666667 0 0.25 0.4 0.0909090909090909 0 1 0 1 0.333333333333333 0.5 3 0 1 0 2 0.666666666666667 0.352941176470588 0 0.0370370370370371 0.2 0 0 1 0.125 0 0 0 0 0 0 0 2.5 0 0 0 0.4 0.333333333333333 1 1 0.25 1 0.333333333333333 0 0.0526315789473684 0 0.2 0 0.5 1 0 1 0.166666666666667 0.25 0 2 0.0869565217391305 0 0 0 0.384615384615385 0.363636363636364 0.1 0 0.5 0 1 3.5 0.18421052631579 0 0 0 0.0526315789473684 0.142857142857143 0 0 0 1 0 0 0 0 0 0 0 0.333333333333333 0 0 0 0
"25" 0 1 0.888888888888889 2 2 1 1 1.66666666666667 0.8 1 3.75 0 6.25 0 0 4 17 0.333333333333333 0.375 3.5 7 4 0 2 3 4 1 2 4 11 12 2.5 7 1 2 5 0 0 1.5 2 2.5 1 1 1 5 0.333333333333333 2 8 0 5 0 6 3.5 3 3.33333333333333 3 5 2 1.33333333333333 3 1.14285714285714 1.875 3 2 8 0.8 2 5 1 1 1.36842105263158 0 2 1 0 0.6 0.666666666666667 1.83333333333333 2 0 0.666666666666667 3 1 3 3 2.5 4 10 0.6 2 1 0.25 1 1 3 14 0.666666666666667 2.5 1 10
"26" 0.8 0.5 1 1.33333333333333 0 0 1 1.5 0.272727272727273 2 0.5 0 2 1 1 1 0 0 0 0 0.333333333333333 0.666666666666667 1 0.363636363636364 0.666666666666667 0 0 0 0.0588235294117647 0.0357142857142857 0.25 0.166666666666667 0.1 0.5 0 0 1 0 0.5 0.75 0.5 0 0 0 0 0 0 0 0.666666666666667 0.0769230769230769 1 0.5 0.428571428571429 1.5 0.333333333333333 1.5 0.0833333333333333 0 0 0 0.5 0 0 0.4 0 0 0.25 0 2 1 3 0.8 0 0 0 0.5 0 3 0.166666666666667 1 0 0 1 0.2 0 0 0.25 0 0 0.666666666666667 0.111111111111111 0 0 0.333333333333333 0 0.857142857142857 0 0 2 1.66666666666667
"27" 1.5 0.2 0.5 0 0 1.33333333333333 0.5 0 0 0 0 0 0.166666666666667 0.25 0 2 0.2 0.5 0.5 0.5 0.5 1 1 0 0.133333333333333 0 0 0 2 0.5 0.166666666666667 0.125 0 0.0869565217391305 0 0 0 0 1 0 2 0.153846153846154 0 1 0 5 1 2 2 0.375 0.25 0 2 0.236842105263158 0.04 1.66666666666667 0.174603174603175 0 0.072463768115942 0 0.666666666666667 0.625 0.0625 0 0.125 0 2 2 0 0.285714285714286 0 0.12280701754386 0.173913043478261 0 0.5 2.5 1 2.5 0.1875 0.25 0.27027027027027 0 1 2 0.571428571428571 3 0.378378378378378 0.25 0 0 1 1 0.5 0.25 0.25 1.25 2 0.428571428571429 1 0.166666666666667
"28" 0.285714285714286 0.333333333333333 0 0 0.272727272727273 0 0.222222222222222 0 0.148148148148148 0 0.115384615384615 0 0 0 0 6 1 1 0 5 0.5 0.125 0.25 0 0.333333333333333 0 1 0.125 1 0.0444444444444444 0 2 1 1 0 2 0 0 0 2 1 1 3 1.33333333333333 1 0 6 1 0.2 0 0.142857142857143 0 0.4 0.571428571428571 0.333333333333333 1 2 1 2 0 0.166666666666667 0.142857142857143 0.0769230769230769 0.5 0.166666666666667 0 0.142857142857143 0 0.5 0 3 2 1 0 1 5 1.5 4 0.25 0 1 0.222222222222222 0.111111111111111 0.142857142857143 0 3.5 0.0576923076923077 0 2 1 0.5 0.4 0 1 0.214285714285714 1 0 0 1 2
"29" 3 0.333333333333333 0.0714285714285714 1 0.333333333333333 1 2 2 0.357142857142857 0.166666666666667 0.166666666666667 0.5 0.5 0 0.333333333333333 0 1.85714285714286 0.25 0.25 0.6 0.5 0.1 0.125 0.181818181818182 1 0.5 0 0.6 0.0909090909090909 0.0333333333333333 0.0909090909090909 0.142857142857143 0.25 0 0 0.333333333333333 0.285714285714286 0 0 0 0 0 2 1 0.333333333333333 0 3 2 1 0.5 0 0.375 0.0588235294117647 1 0 3 0.833333333333333 1 0 1 0.5 0 0 1.5 0.111111111111111 1.25 2 0.1 0 0.2 0 0.25 0.0512820512820513 0.25 0 0.5 0 0.1 0.0217391304347826 0 0 1 0.0416666666666667 0.333333333333333 0.125 0.5 0.222222222222222 0.333333333333333 0.0555555555555555 0.25 0.0714285714285714 0 0.4 0 0.666666666666667 0 0 0.142857142857143 0 0
"30" 0 0 0 0.111111111111111 0 0 0 1 0 0 0.769230769230769 0 0 2 0 0 0.0392156862745098 0 0 0 0 0 0 0.333333333333333 0.5 0.5 0 0.666666666666667 0.363636363636364 0.333333333333333 0 0 0.2 0 0 0 0 0 0 0 0 0 0 0.5 0 0 0 0.5 0 0 0.0833333333333333 0 0 0 0 0 0 0 0 0 0 0 0 0 0 0 0 0 0 0 0.4 0 0.333333333333333 0 0 0 0 0 0 0 0 0 0 1 0 0 0 0 0 0 0 0 0 0 0 0 0 0 0 0
"31" 0 0 0 1 0.15 0 1 0 1 2 1.25 2 0 1.5 0 0 0 0 1 1 0 0.5 1 0 1 2 2 0 0.666666666666667 3 1 0.333333333333333 3 0.666666666666667 1 1 0 0 9 6 0 1.5 0.2 0 0 3 0.8 1 0 0.75 2 0.666666666666667 0 0.666666666666667 0.125 1.5 0.857142857142857 0.5 0.555555555555556 0 2.5 0.434782608695652 0 1 0.375 1 3.5 1 0.428571428571429 0.333333333333333 1.4 1.5 0.5 0 0 0.2 0.166666666666667 0 1 0 0 0 0 4 1 2 0 1 1 1 0.8 0.5 0 2 2 0 0 0 0 0.571428571428571
"32" 3 0 2.5 1 1 2.5 1 1 2 10 1 3 9 7 2 2 4 0 0.5 0 0.666666666666667 0.4 0 1 1 0 5 0.25 4 0.571428571428572 0 4 1 5 2 0 1 1 2 4 1 1 5 8 0.333333333333333 0 4 0 3 0 0.833333333333333 0.333333333333333 0 2 0.538461538461538 0 3.33333333333333 4 0 3 2 0.4 0 0.4 0.136363636363636 0 11 0 0.75 0 1.22222222222222 0.196428571428571 0.695652173913043 0.111111111111111 0.5 0 0 2 0.625 0.292682926829268 1 2 0 0.545454545454545 0.666666666666667 0 1 10 2 0.36 0.833333333333333 0 0 3 1.66666666666667 2 0.222222222222222 0 0 0.518518518518518
"33" 0 0.0666666666666667 0.0769230769230769 0.142857142857143 0.0909090909090909 0 0 0 0 0 0 0 0 4.5 5 0 7 0 0 1 0.5 0 0 0 0 0 0 0 0.2 0.142857142857143 1 0.2 2 1 2 1 0 1 2 5 0 0.428571428571429 0.166666666666667 0 0.166666666666667 0.25 7 3 0.571428571428572 0.0833333333333333 0.0909090909090909 0.0588235294117647 0.0666666666666667 0.2 0.4 5 0 15 0.75 0 2 0.222222222222222 0 0 0.166666666666667 3.33333333333333 0.0212765957446808 0.0909090909090909 0.125 0.25 0.25 0.0555555555555555 0.4 0 0 0 0 0.351351351351351 0.0333333333333333 2.33333333333333 0.666666666666667 0.111111111111111 0.0227272727272727 0.222222222222222 0.5 4 0.297872340425532 0.666666666666667 0.0943396226415094 0 0.166666666666667 0 0 0 0 2.2 4 0 0 0.272727272727273
"34" 0 6 5 1 0 1 4 1 2 0 0 3.5 0.333333333333333 0.2 0.0588235294117647 1 4 0 2 0.105263157894737 0 0.5 0 0.25 0.25 2 0 4 5 2 6 0.111111111111111 0 0.5 1 5 0 3 0.111111111111111 0.0909090909090909 0.333333333333333 0.0833333333333333 0.0666666666666667 0.2 0 2 2.2 0 0 0 0.153846153846154 0 0 0.333333333333333 0 1 0.378378378378378 0.166666666666667 0.4 0.0625 0 0.08 0 2 0.333333333333333 9 0.285714285714286 0.5 0.166666666666667 0 0.5 0.333333333333333 0.0178571428571428 1 0.333333333333333 4 3.5 0.25 0.111111111111111 1 0.142857142857143 0 0.181818181818182 0 0.0909090909090909 2 1.75 2 1 0.0769230769230769 0 0 1 1 1 3.33333333333333 1 3 1 0
"35" 0.0909090909090909 0.2 0 1 2.5 0 0 0 1 3 1.07692307692308 0 2 2 0 0 0 2 1.25 4 3 0.217391304347826 0 0 0 0 0 0.333333333333333 4 0.175 2 0.375 0 1 2 2 1 0 3 7 4 2 1 0 0 2 3.25 0.25 0.583333333333333 0.5 1 11 2 5 5 3.25 0.0714285714285714 1 2 1 0.666666666666667 0.333333333333333 0 1 0.142857142857143 6 0.214285714285714 0 1 0.5 1 0.25 0.1 0 0.5 2.5 7 0.666666666666667 0.2 0.333333333333333 0 0 1 0.333333333333333 0 0 0.318181818181818 0 0 0 0 0 0.25 0 0.666666666666667 0 2 0 0 0
"36" 0 1 2 0 0 0 0.5 0 0 0 0.0833333333333333 0 0 0 0 0 0 0 0 0 0 0 0 0 0.133333333333333 0 1 0 0 0 1 0 0 0 0 0 0 0 0 0 0 0 0 0 0 0 0 0 0 0 0 0 0 0 0 0 0 0 0 0 0 0 0 0.333333333333333 0 0 0 0.142857142857143 0 0 0 0.25 0 0 0 0 0 1 0 1 0 0 0 0 0 0 0.0416666666666667 0 0.333333333333333 1 0 0 0 0.375 0 1.14285714285714 0 0 0 0
"37" 1 0 1.5 5 6 0 1.33333333333333 1 0.333333333333333 1 6.125 4.66666666666667 0 2 0 0 1.5 1.6 1 1 0 0 0 0.5 2 2 2 0 0 0.666666666666667 0.666666666666667 1 3 1 2 1 0 0 0 0.333333333333333 3 3 4 1 4 0 0.5 0.5 0 0.333333333333333 6 0.5 1 1 1 1.36363636363636 0 1 3 5 5 3 0.111111111111111 0.666666666666667 0.25 0 0.666666666666667 2 0.9 0 0 0.25 0.384615384615385 0 6 0.666666666666667 0 1 2 0.8 0.125 0 0.153846153846154 0.4 0.333333333333333 0 0.454545454545455 0.25 0.333333333333333 0.25 0 0 0 0 0 1.15384615384615 0 1 0.333333333333333 1
"38" 1 2 6 0 2 1 2.5 2 6 0.333333333333333 3 0 0.222222222222222 0.333333333333333 0 0 5 0 1 0 5 0.0909090909090909 0.333333333333333 0.0909090909090909 0 1 1 5 6 1 1 1 0.666666666666667 0.333333333333333 0 0 1 0 3.33333333333333 1 2 1 5 0.333333333333333 0.125 1 4 0.3 0.222222222222222 0.5 0.333333333333333 0.125 0.3 1.2 2 7 1 1 6 1 5 10 2.75 0 2 0.5 2 3 2 2 0.8125 0.0909090909090909 0.111111111111111 0.333333333333333 0 0 0 2.66666666666667 0.0571428571428571 0.111111111111111 0.333333333333333 0.166666666666667 0.5 0.25 0.0294117647058823 0.333333333333333 0.285714285714286 1 1.5 2 0.25 0.5 0.5 1 0 0.888888888888889 1 0 0 3
"39" 0 0 1 2 0 1 0 0 1 1 0 2 4 0 6 2 1 1 1 4 1 3 1 3 1 1 0 1 1 3 5 2 8 0 0 0 2 0 3 1 3 1 1 0 1 1 7 0 3 2 4 4 0 2 6 1 3 0 4 1 5 7 3 3 5 0 1 2 2 2 0.181818181818182 3 0.333333333333333 0 0 0 0 2 1 0.5 0 2 6 4 6 1 10 1 4 2 0 0.75 1 7 0 0 1 0.714285714285714 2 3
"40" 0 0 0.833333333333333 0.5 0.333333333333333 0 0 1 0.5 0 0 1 3 0 0.6 0 1.18181818181818 0 0.5 0.25 0.4 0.0909090909090909 0.333333333333333 0.307692307692308 0 0 0 1.2 0.25 0 0.8 1 0.666666666666667 0 0 0.5 0 0 0 1 1 0 2 0 1.5 1 1.33333333333333 0 0 0 0.5 1 0.4 0 0.142857142857143 0 0.166666666666667 0 0.333333333333333 0.4 2 0.333333333333333 0 0 0 0 0.833333333333333 1.25 0 1.5 1 0 1.75 0 1 0.333333333333333 1.25 0.285714285714286 0 0.111111111111111 0 0 0.5 0 2.5 1.4 2 0.75 0 0 0.333333333333333 0 0 0 0.25 0.1 1 0 0.5 0
"41" 0.166666666666667 1 3 0 0 2 3 1 0.75 0 0.166666666666667 5 1 1.66666666666667 0.25 1.5 0.5 0.166666666666667 1 0 0.25 0.173913043478261 0.4 0 1.25 1 3 0.230769230769231 1 0.2 2 0 2 1 2 1 3 0 1.33333333333333 0.5 0.1 0.1 1 0.833333333333333 0.111111111111111 1 3 1 2 2 0 2 3 2 1.11111111111111 1.5 3 0 1 0.666666666666667 2 0.166666666666667 0 1.66666666666667 0.2 1 0.5 0.333333333333333 1 0.5 0.363636363636364 0.25 1 0 3 2 3 2.66666666666667 1.66666666666667 1 0 0.2 0.2 0.285714285714286 0.25 1 0.310344827586207 0.173913043478261 1 3.5 0.333333333333333 0.5 0.647058823529412 3 1 4 4 1 1 2
"42" 1.25 1 2 0 0 1 4.75 3 5 1 2.78571428571429 2 2 1.5 2 2 0 1 0 0 3 8 1 3 1 0 2.5 3 3 12 1 0 2 0 0 1 5 1 0 3 3 0 0 2 3.25 11 0.17741935483871 0 2 7 1.33333333333333 2.66666666666667 3 8 5 0 2 2 5 2 9 4 5 3 0.333333333333333 0 0.288461538461539 1 0 0 0 0.25 0 0 1 1.28571428571429 0.5 0.333333333333333 0 0 1 0.5 1.33333333333333 1 0 0 8 0.333333333333333 0.129032258064516 2 1 3 2 2 1 2 3 4 0.833333333333333 0
"43" 1 0 0.25 0.5 0.166666666666667 0 0.5 0 2 0 3 0 0.44 0 1 1 5 0 1 0 2 1 1 7 1 0 1 8 0.285714285714286 0.333333333333333 0.0344827586206896 0 0.533333333333333 0 0.114285714285714 2.33333333333333 2 0 1 5 0.666666666666667 0.157894736842105 0 0 1 4 1 0.333333333333333 0.4 0.125 1.04166666666667 2 2 1 0.233766233766234 0.666666666666667 1.33333333333333 0 0.538461538461539 0 0 0 0.25 0 0 1 4 0.4 0.0909090909090909 0 0.181818181818182 0.533333333333333 1 0.5 0 0.6 2 0.4 0.21875 1 3 2 1 1 1 0.666666666666667 3 0 3 1.14285714285714 1 0 0.857142857142857 0 0.444444444444444 0 6 2 0 0
"44" 7 1 0.571428571428572 0.5 0 0 1.8 3 1 0 0.742857142857143 0 0.307692307692308 0.2 0.791666666666667 4 0.428571428571429 0 0 0 0 0.8 0 0.6 1 2 4 1 0.833333333333333 0.222222222222222 0.175 0.333333333333333 2 0 1 0 0 0 0 2 5 3 2 0 0.333333333333333 0 0.416666666666667 2 3 2 1.45454545454545 0 0 0.0555555555555555 0.391304347826087 0.25 0.2 0.25 1.25 0.285714285714286 1 0.181818181818182 1 0.222222222222222 0.5 3 2 2 1 1 4 2 0 0 1 0 3.2 0.324324324324324 1 2 0 0 0.142857142857143 0.352941176470588 0.1875 3 1.66666666666667 3 3 0.666666666666667 0.291666666666667 0.75 0.333333333333333 0.25 0.8 6 0 0 0.6 0
"45" 0 1 0.333333333333333 0.333333333333333 3 0 1 0 0 1 0 0 0 0 0 0.5 4 0 0.666666666666667 1.5 3 0 0 0 0 1 2 0 4 3 0 1 1 1 2 0 0 0 2 1 2 2 4 2 6 2 4.5 2 1.5 0 2 1 2 4 3 1 1 1 6 0 5 8 0.333333333333333 1.5 0 0 3 4 0 1 2 4.5 5 0 4 0.75 5 0 2 1 2 2 6 3 3 1 1.5 4 8 1 3 0 0 0 4 10 0 1 0.666666666666667 5
"46" 0 1.5 0 0.142857142857143 0 0 0 0 0 0 0 0 0 0 0 0 0.272727272727273 0 0 0 0 0 0 0 0 0 0 0.0454545454545454 0 0 0 0 0 1 0 0 0 0 0 0 0 0 0.25 0 0 0 0 0 0 0 0 0 0 0.333333333333333 0 0 0 0 0 0 0 0 0 0 0 0 0.428571428571429 0 0 0 0 0.222222222222222 0.0444444444444444 0 0 0 0 0 4 2 0 0 0 0 0 0 0 0 0 0 0 0 0 0 0 0 0 0 0 0
"47" 1 3 0.580645161290323 0.25 2 0 4 11 3 0.142857142857143 0.136363636363636 0.25 0.75 0.2 0 1 0.666666666666667 1 2 0 2.33333333333333 1 1 2 0.193548387096774 0 0 0 1 8.66666666666667 0.0833333333333333 0 0 0 0 1.66666666666667 0 0 4 7 1 3 0.5 0 0 7 7 0.6 0.142857142857143 0 0.166666666666667 1.4 2 0.125 0.545454545454545 0 0.1 0 0.4 0.25 0.222222222222222 0.181818181818182 0.081081081081081 0 1.33333333333333 1 0 2 0.25 0.75 0.2 0.333333333333333 1 0 0.8 0.181818181818182 0.2 0.160714285714286 0.2 0.466666666666667 0.25 0.210526315789474 0.173913043478261 0 0.8 3 0.529411764705882 0.222222222222222 1 0.8 0.142857142857143 0 0.5 1 1 2 0.333333333333333 0.5 2 2
"48" 0 0 3 0 1 1 0.25 1 1.66666666666667 0.5 0.909090909090909 1 1 0 1 1.33333333333333 0.375 0.2 0 0.125 0.5 0.125 0 1.5 1 0 1 1 0.666666666666667 1.2 3 2 1 1 3 1.66666666666667 3 0 1 0.454545454545454 1 0.2 0.2 0.5 0 1 0.133333333333333 1 0.1 0.125 0 1.33333333333333 0.5 0.05 0.37037037037037 1 1 0.6 2 1 0.75 0.0608695652173913 0 0.5 0 1.25 0.578947368421053 0.05 0.222222222222222 0 0.222222222222222 0.176470588235294 0.5 0 0 0.2 0.5 1 1 0 0 0 0.666666666666667 0.2 0.5 0.5 0.219178082191781 0.5 0 0 0.181818181818182 0 1.5 0 0 1.5 0 0.5 1 0.7
"49" 0 0 0.214285714285714 0 0 0 0 0 0.0909090909090909 0 0.25 0 2 0 0 2 1 0 0 0 0.333333333333333 0.5 0 0 0 0 0 0.25 0 0 0.166666666666667 1 0 0 0 0 0 0 0 0.5 0 0.5 0 0 0 0 0 2 0 0.0666666666666667 0 0 0 0 0.2 0 0 0 0 0 0 0 0 0 1 0 0 0 0 0 0 0.4 0.0555555555555555 0 2 0 0 1.33333333333333 0.0782608695652174 0 0 0 0 0 0 0 0 0 0 0 0 0 0 0 0 0 0 0 0 0.1
"50" 0 1 0 0 0 0 1 1 1 0 0.380952380952381 0 0 1.5 0 0 0 0 0 0 0 0.5 0 0 0 0 3 1.5 1.2 0 0.428571428571429 0.285714285714286 0 0 2 0 0 0 0 0 0 0 0 0 0 0 0 0 0 0 0 0 0 0 0.142857142857143 0 0 0 1.66666666666667 0 0 0.166666666666667 0 0 0 0 0.222222222222222 0 0.5 0 0 0 0 0 0 0 0 0.111111111111111 1.33333333333333 2 0 0.0625 0.166666666666667 0.5 6 2 0.571428571428572 0 0.333333333333333 2 1 1 4 6 1 2 5 0 0 3
"51" 0 0 0.5 0 0.75 0 1.33333333333333 1 0.428571428571429 1 0 1 0 0 0 0 0 0 2 1 1 0 0.666666666666667 0.2 0 0.75 0 0.181818181818182 0 0 0.1 0 0.2 0 0.5 0 2 0 0.5 0.125 1 0.5 0.111111111111111 0.25 0.142857142857143 1 0.428571428571429 0 0 0.130434782608696 0.0833333333333333 0.384615384615385 2 0.03125 0 1 0 2 0.4 0 0 0.15 0 0.138888888888889 0.333333333333333 0.142857142857143 0.5 0.25 0.333333333333333 0.0588235294117647 0.111111111111111 1 0.0277777777777778 0.2 0.4 0 0.6 3 3 1 0.25 1 0.111111111111111 0.125 0.0909090909090909 0 2 1 0.833333333333333 0 0.333333333333333 0.1 1 0.666666666666667 0.75 0.375 0 0 0 0.5
"52" 0.666666666666667 0 2 1 0 0 0 0 0.3 0 0.147058823529412 1 0.0769230769230769 1 3 1 0 2 3 0 2 0.3 0 0.666666666666667 0.25 0.545454545454545 0 7 0.117647058823529 0.31578947368421 0 0 0 1.25 0.4 2 1 2 3 1 2 3 0 0.875 0.5 1 3 6 5 0.333333333333333 0 0.333333333333333 0.133333333333333 0.0666666666666667 0.166666666666667 0.6 1.69230769230769 0.5 0.4 1 0.1875 0.222222222222222 0.142857142857143 0.666666666666667 0.5 0 0 0.666666666666667 3 1 0 0.422535211267606 2 1 1 4 4 0.076923076923077 0.0625 2 0.259259259259259 0.142857142857143 0.666666666666667 1 4 0 3 0.785714285714286 0 0 0.0625 0 2 5 3 7.33333333333333 0 0.222222222222222 1 0.142857142857143
"53" 3 0 1 0 2 0 5 0 5 0 5 1 0.666666666666667 0 0 0 2 0 0 0 2 0 0 0 0 0 0 0 0 4 0 0 0.0555555555555555 0 0 0 0 0 0 0 0 0 0 0 0 0 0 0 0 1 0 0 3.5 1.22222222222222 0.5 2 0 0 0 0 0 3 0 0 0 0 0 1.5 0 0.142857142857143 0 0.181818181818182 0.13953488372093 0 0 0 0 0 5 1 0.8 0 8 5 1 0 1 4 4 1 0.75 1 0.333333333333333 0 0.333333333333333 4 0 2 2 0.5
"54" 3 1.33333333333333 1.75 2 0.625 0 0.666666666666667 2 1.25 0 3 1 2 0 2 0.5 1 1 0 0 0.25 1 3 1.5 1.5 0 1.33333333333333 2 0.117647058823529 0.166666666666667 0.5 0 0 1 0.5 0.5 0 0 3 1 0 1.5 0.333333333333333 0.75 0 0 1.5 1 2 1 0.111111111111111 0 0.105263157894737 0.333333333333333 0 0.411764705882353 0.291666666666667 0 0.8 0.6 0.161290322580645 0.25 0.0714285714285714 0.115384615384615 0.285714285714286 2 2 0.466666666666667 0.571428571428571 0 0.133333333333333 0.175 0.272727272727273 0.333333333333333 0.166666666666667 0 2 0.619047619047619 1 0.6 0.25 0.166666666666667 0.222222222222222 0 0.210526315789474 4 0.2 0.2 3 0 3 0.5 0 0.5 0.166666666666667 0.666666666666667 1 0 0 1
"55" 0 0 2 3 1 1 1 3 3 1 0.454545454545454 0 0.142857142857143 0.181818181818182 0 0 1.33333333333333 2 2 1 0 0.153846153846154 0.6 0.222222222222222 0.5 1 2 5 0.243243243243243 0.346153846153846 0.25 0 0 4 0 0 2 2 2 0 0.5 1 0.538461538461539 0 0.333333333333333 1 2.75 1 0 1 0.25 0.19047619047619 0.666666666666667 0.0909090909090909 0.1 1 3 1 3 1 1 1 1 0 0 0 1 9 0.25 0 4 0.214285714285714 0.137931034482759 0 0.5 0 1 5 0.5 0.5 0.142857142857143 1 1 0.5 0.157894736842105 2 2 0 3 6 0 3 4 2.33333333333333 1 3 3 1 3 2
"56" 0 0 1 2 0 2 0 2 1 0 2 0.2 0 0 0.5 1 1 0 0 1 0 0 1 1.33333333333333 0 0 2 6 1.6 0.05 0.5 0.4 2 0.111111111111111 0.444444444444444 4 0 1 0.666666666666667 0.0689655172413793 0 1.66666666666667 2 1 0.285714285714286 0 2 0.533333333333333 0.0909090909090909 0 0.416666666666667 0 0.230769230769231 0.666666666666667 0.2 1 0 0 0 4 0.4 2 1 1 1 0 0.5 0.4 0.25 1 0.333333333333333 0.1125 0.388888888888889 0 0 2 0.5 0.1875 4 0.5 0.2 0 0.272727272727273 0 0 1 0.205128205128205 2 0.5 0 0.235294117647059 0.142857142857143 0.153846153846154 0 0 0.48 0 0.615384615384615 0.5 0.105263157894737
"57" 0 0 0 0 0 0 0 0 0 0 0 0 0.333333333333333 0 0 0.666666666666667 0.0625 0.333333333333333 0 0 0 0 0 0 0 0 0 0.142857142857143 0 0.2 0.333333333333333 0 0 0 0 0 0 0 0 0.5 0 0 1 2 0.666666666666667 0 0 0 0 0 0.5 1 0 0 0.2 0.333333333333333 0.333333333333333 0 0.333333333333333 0 1 0.6 0.5 0.333333333333333 0 0 0.25 0.111111111111111 2.5 1 1 0.6875 0.333333333333333 0 1 0 2 0.857142857142857 0 0 0 7 0 0 0.2 0 0 4 0.25 13 1 1 0 0.666666666666667 0 1.125 0 0 1 0
"58" 0 0 1 0 0 0 0 0 0 0 1 0 3 0 0 0 0 0 0 0 0 0 0 0 2 4 2 2 4 4 0 0 6 0 0 1 1 2 2 2 1 0 2 1 6 1 2 1 3 4 3 4 1 1 3 3 2 0 0 2 2 1 0 0 5 13 7 7 2 0 0 3 0 0 0 0 1 1 14 3 7 5 3 0 0.5 2 3 6 6 1 1 0 6 0 1 2 2 2 0 0
"59" 0 7 13 1 0 2 0 1 7 4 5 0 2 3 0 5 8 0 2 1 1 0 0 0 0 1 0 4 1 5 0.555555555555556 0.333333333333333 0.666666666666667 0.5 1 0 1 2 1 1 7 2 2 2 2 1 2 1 1 1 3 1.09090909090909 0 0 0.294117647058824 1 0.523809523809524 0.4 6 2 7 4 4 3 0 0 6 4 0 3 4 7 7.5 2 3 12 0 3 1 2 1 1 1 0.111111111111111 0.166666666666667 0 2 1.45454545454545 0.428571428571429 0.142857142857143 0.5 0 2 0.333333333333333 0.2 6 3 5 1.5 0.142857142857143
"60" 2 0 2 1 1 1 4 1 6 1 3 1 10.5 0 5 2 1.62857142857143 0 0.363636363636364 0 0 0 0 0 0 0 0 0 0 0 0 0 0 0 0 0 0.5 0 0 0 0 0 0.333333333333333 0 0 0 0.1 0 0 1 0 0 0 0 0 1 0.142857142857143 0 0 0 0.1 0 0 0 0 0 0 0 0 0 0 0 0 0 0 0 0.25 0.285714285714286 0 0 0.1875 0 0 0 0 0 0 0 0 0 0 0 1 0.5 0 0 0 0 0 0
"61" 0 0.4 0 0 0.0666666666666667 1 0.5 0 0 0 0 0.2 0.142857142857143 0 0 0 0 0.666666666666667 0 0 0 0 0 0.31578947368421 0.5 0 1 1 0 0 0 0 0.2 0 0 0 0 0 0 0 0 0 0 0 2 1 0 0 0 0.25 0.157894736842105 0 0 0.0147058823529412 0 0 0 0 0 0 0.0416666666666667 0 0 0 0 0 0 0 0 0 0 0.0571428571428571 0 0 0 0 0 0.0625 0.25 0 0 0 0.0833333333333333 0 0 0 0 0 0 0 0 0 0 0 0 0 0 0.166666666666667 0 0
"62" 15.3333333333333 6 10 2.5 0 5 8 0.571428571428571 0.1875 0 0.333333333333333 0 0.260869565217391 0 0.0303030303030303 0.333333333333333 4 0 0 0 0.6 1.2 0 2 0.8 6 3 0.227272727272727 0.0238095238095238 0.666666666666667 4 0 0.166666666666667 0.5 2 0 1.5 1 13 0.25 0.5 0.333333333333333 4 0 0.8 2 8 2 6 12 8 0.842105263157895 0 0.0201342281879195 0 5.5 0.2 0 2 0 0.428571428571429 0.363636363636364 1 2 0.571428571428571 0 0 1 1 3 0.111111111111111 2 4 0 1 0 9 7 3 0.0857142857142857 0 1 0.444444444444444 0 0 0 0.481481481481482 3 0.2 0.333333333333333 1.75 0 1 0 0.142857142857143 0.6 4 2 4 0.666666666666667
"63" 0.333333333333333 0 0.181818181818182 0.4 1 2 5 4 2 4 4 0 0 10 3 1 1.44444444444444 0.25 0 1.5 0.666666666666667 0.5 2 1.5 0 0 4 2 0 16 3 3 1.5 0 0 0 0 0.25 3 0 1 5 4 3 0.6 0 6.33333333333333 0.25 0.5 0.25 0 0 0 0.888888888888889 0.175 1 2 2 1 1 3 2 1 1 0 3 10 5 3 2 5 0 1 1 3 6 5 4 0.692307692307692 0.109090909090909 0.8 0.111111111111111 0.3 0 0.333333333333333 0 0.904761904761905 0 0.571428571428571 0.117647058823529 0 0.714285714285714 1 0.4 0 7 1 1 2 0.416666666666667
"64" 1 1 1.23076923076923 1.33333333333333 3 2 5 2 0.333333333333333 0.5 0.0714285714285714 0 2 1 0.4 3 0.818181818181818 0.5 0.0909090909090909 0 0.6 2 0 2 0.03125 1 0 0 0 1 5 2 5 0 4 0 1 0.333333333333333 0.2 2 0 0.375 0.0434782608695652 0 0 2 3 7 2 0.555555555555556 0.333333333333333 0.25 0 1 0.238095238095238 1.55555555555556 1 0 0.117647058823529 0.25 0.125 0.0714285714285715 1 0.571428571428571 2 2 6 2 1 3 0.5 0.117647058823529 1.33333333333333 2 0.0769230769230769 2 0 1.5 1 0.164179104477612 0.0769230769230769 1 0 0.666666666666667 1 2 2.5 0 1 3 5 1 1 4 2 4 3 3 2 4
"65" 0 3 5 2 1 0 2 5 0.333333333333333 0 0.4 0 0.3 1.16666666666667 13 6 2 1 1.5 6 1.33333333333333 0 4 5 0 1 1 0 1.4 0.2 0.5 0.666666666666667 0 2 0.666666666666667 0 0.555555555555556 0 0.5 0 0.105263157894737 0 1 0.153846153846154 0.5 0.5 0.777777777777778 2.5 2 2 6 1 1 6 3 2 6 3 2 0.2 0.125 5 1 0 3 7 2 1 1 1 6 4 2 0 5 1 1 3 8 4 8 0 6 0.222222222222222 2 1 0.25 0 0 5 4 1 1 0 7 2 1 1 0 0
"66" 0 1 0 1 2 0 1 2 1 5.5 0.266666666666667 0.333333333333333 0 1 0.25 0 2 0 1.5 0 4 6 0.5 1 0.0357142857142857 0.25 5 0.272727272727273 0.166666666666667 0.333333333333333 0.0833333333333333 0.5 0.25 0 0 0 1 0 3 1 8 0 2 0 3 3 0.115384615384615 1 1 0.666666666666667 0.0555555555555555 0.0416666666666667 0 0.0465116279069768 0 3 0.208333333333333 0 0.142857142857143 0 0 3 0.111111111111111 0.25 0.5 0 0 4 0 1 0.7 0.25 0.25 0.5 1 3 0.444444444444444 0.333333333333333 0.166666666666667 0.032258064516129 0 1 0.3 0.0769230769230769 0.0434782608695652 0 2 2.4 0.1 0.125 0.0909090909090909 0 1 1.5 0 1 1 3 3 0
"67" 0 2.5 0 0 0 0 0 0 0.0344827586206897 0 0 0 0 0 0 0 0 0 0 0 0 0 0 0 0 0 0 0 0 0 0 0 0 0 0 0 0 0 0 0 0 0 0 0.333333333333333 0 0 0.25 0 0 0 0.142857142857143 0.25 0.2 0 0 0 0 0 0.125 0 0 0 0 0 0 0 0 0.222222222222222 0 0 0.125 0 0 0 0 0 0 0 0 0 0 0 0 0 0 0 0 0 0 0 0 0 0.5 0 0 0 0 0 0 0
"68" 0 0 0.631578947368421 0.0625 0 0 0 6 0.428571428571429 1 0.2 0.333333333333333 0.5 0.5 0 1 6.5 0.666666666666667 0.5 0.2 0.25 0.142857142857143 0 0 1 1 3 2 9 0.142857142857143 1 0.4 0.3 1.66666666666667 0 7 0 5 2 1 1.5 1 0.142857142857143 0.2 0.428571428571429 5 0 1 1 1 0.666666666666667 0.8 0.636363636363636 2 0.0625 3.5 0.142857142857143 2 1.5 0.333333333333333 0.25 0.3 0.1 0 1 1.71428571428571 0.254901960784314 0.0344827586206897 4 1 2 0.2 0 1 0 0.5 0.285714285714286 0 0 1 1 0.2 1 4 0.333333333333333 1 0.5 1 3 0.25 0.19047619047619 0.25 1 1 1 4 5 3 0.714285714285714 1
"69" 0 0 0 0 0.125 0 0.2 0 0.125 0 0.142857142857143 0 1 0 0 0 0.235294117647059 0 0 0 0.2 0 0 0 0 0 0 0 0 0.545454545454545 0 0 0.333333333333333 0.666666666666667 0.142857142857143 0 0 0 1 0.166666666666667 1 0.3 0.25 0 0 0 0.181818181818182 0 1 0.125 0.5 0 0.0555555555555555 0.357142857142857 0 0 0 0 0 0.25 0.5 0.5 0.157894736842105 0 2 3 0.307692307692308 1 0 0 0.5 0 0.133333333333333 1 2 0.3 0.25 0.25 0.142857142857143 1 0 0.5 0.25 0.25 0.210526315789474 0.333333333333333 0 0 0.5 0.0909090909090909 0 0 0.714285714285714 0.0526315789473684 1 1.25 0 0.0714285714285714 1 0.8
"70" 0.5 0 1.25 0 0 0 0 2 0.8 2 2 1 0.333333333333333 3 7 1 0.283018867924528 0 0.222222222222222 0 0 2 0 1 0.181818181818182 1 1 2 0.25 0.159090909090909 0.0172413793103448 0.4 0.2 2 0.6 0.666666666666667 0.181818181818182 0 1 1 0 0.666666666666667 1 0 3 0 1 1.33333333333333 4 3 0.436363636363637 1 1 2 5 0 0.194444444444444 0 4 0 0.666666666666667 0 0 1.66666666666667 5 0 6.33333333333333 0.25 0 0.333333333333333 0.666666666666667 0.428571428571429 0.333333333333333 0 0.25 0 0.5 0.0454545454545455 1 0.285714285714286 6 0 0.285714285714286 1 0.285714285714286 1 0.0769230769230769 0 0.230769230769231 1 0 0 4 0 1 0.428571428571429 3 1 1 0.25
"71" 0.615384615384615 0 0 0 1 0 0 3 0.625 0.25 0.5 0 1 0.4 0.333333333333333 0 2.66666666666667 0.666666666666667 0.666666666666667 0 0 0.4 4 5 0 1 0.5 0.142857142857143 0.333333333333333 0.363636363636364 0.5 0.0666666666666667 0.105263157894737 0 1 0 1 0 5 3 0.666666666666667 0 0 0 4 0 0.333333333333333 1 1 0.857142857142857 0.25 1.33333333333333 0 0.545454545454545 0.0232558139534884 4 0.7 0 0.25 2 0.5 2 0.0588235294117647 0 0.333333333333333 0 2 4 2 1 2.2 0.5 0.0294117647058823 0 0 1 2 1.36363636363636 0.2 0.0625 0.714285714285714 1 0.0833333333333333 0 3 1 3 0 3 0 0.857142857142857 0 0.4 0 0.666666666666667 3 3 0 2 1
"72" 0 2 0 1 4 0 5 0 3 0 2 1 9 5 4 4 2.23076923076923 0.666666666666667 0 0.4 0.0909090909090909 0.5 0 3 1 0 2 1 0 2.75 0.5 0.333333333333333 4 1 1 2 1 1 1 4 12 0 1 3 5 0.333333333333333 0 4 1 8 0 6 0.5 0 0.388888888888889 1 1.16666666666667 0 2 0 2 0.666666666666667 0.1 0 0.333333333333333 0.363636363636364 0.8 0 0 0.333333333333333 0.5 0.230769230769231 0.226415094339623 0.333333333333333 0.4 0 0 0.571428571428572 1 1.1 0.285714285714286 0.333333333333333 0 0 1 0 0.222222222222222 0 7 0 3 1.2 0 0 0 3 0 0 0.5 0.444444444444444
"73" 0 2 6 1 0 0 1 3 0.0714285714285714 0 0 0 0 0 0 0 0.444444444444444 0 0 0 0 1 2 0.03125 0 0 0 0.105263157894737 0.4 0.0337078651685393 0 0.111111111111111 1 0.111111111111111 1.5 0 0 0 0 2 0.25 0 0.5 1 0.714285714285714 3 6 4 0.666666666666667 1 1 0 2 0 0.102564102564103 3 3 0 2 2 0.5 0.11214953271028 0.166666666666667 0 2 1 0 0 0 0 0.0416666666666667 0.153846153846154 0.147058823529412 0 0 0 4 1 0 1 1 0.333333333333333 0.5 1 0.0588235294117647 2 3 4 0.142857142857143 0 4 0.5 0.2 0 0 4 4 0.833333333333333 0 0.222222222222222
"74" 0 0 0.166666666666667 0 1 0 2 3 0 0 3 0 1 3 2 0 0 0 0 0 1 0 0 2 0 0 0 0.2 3 4 0 0 1 1 0 0 1 2 0 0.333333333333333 2 0.571428571428571 2.66666666666667 0 0 1 0.25 0.1875 0 6 0 1 2 5 3 1 0 0 0.285714285714286 0 0 0.833333333333333 1 1 6 0 0 0 0.666666666666667 0 1.16666666666667 0 2.66666666666667 0 0 0 0.2 2 0.5 3 2 0 0 0 4 0 0.133333333333333 0 0.235294117647059 1 0 0 3 0 0 0 0.125 0 0 0
"75" 0.5 1 0.111111111111111 0.333333333333333 0 0 0 5 2 0 0.25 0 0.666666666666667 0.25 0.333333333333333 3 2.66666666666667 0 0 0 1.25 0 0 0 6 1 0 0 1 2.5 1 0 1 3 2 1 1.5 0 7 0.166666666666667 2 0 4 1 2.5 0 2 0 1 4 0 6 1.66666666666667 7 3 9 1 0.666666666666667 0 0.25 0 0.4 0.75 0.2 0.125 0 3 2 0 0 0.1875 0.0769230769230769 0.076923076923077 0 0 0.5 1 2 0.0212765957446808 0.125 0.5 0 0.176470588235294 0.166666666666667 0 0.25 0.25 0 2 2 0.666666666666667 0 0 0.666666666666667 7 1 3 1 4.66666666666667 0
"76" 2 9 3 1 1 0 4 3 1.5 0 5 0 3 1 0 5 1 0 3 0.2 0 0 1 1 0 2 7 1 2 0 2 0 0 0 1 1 0 1 2 8 1 2.5 1 6 2 1 1.5 5 1 0 2 8 0.444444444444444 0 0 9 0.2 0 0 0 0 0.194444444444444 0 0.25 0 0 1 0.5 2.66666666666667 4 1 1.8 0.333333333333333 0.5 0.142857142857143 1.5 3 2 3 3 3 1 2 0 0.333333333333333 3 0.928571428571428 2 4 8 2 0 1 0 5 8 0 0.4 1 0.125
"77" 2 0 2 4 0.5 0 0 0 1 0 1 0 0 0 1 0 0 0 0.333333333333333 0 0 0 0 1 0 0 1 0 0.333333333333333 2 1 1 0 0 0.666666666666667 1 1.5 0 1 1 0.125 0.333333333333333 0 0 0 1 0.3 0.333333333333333 0 0.111111111111111 0 1.5 0 0 2 0 0.6 0 1 0 1.25 4 0.25 3 0.5 0 2 0 2 0 1 0.5 0.75 1 1 2 2 2 1 1 1.2 0 0 0.666666666666667 0 2 1 1 0.75 1 2 2 0 1 0.5 0 0 0 0 0.25
"78" 2 0 5 2.66666666666667 3 1 0 0 8 1 6.5 1.5 0 1 2 1 2.03703703703704 0 0 0 0.6 0.5 0 0.285714285714286 1 4 0 1.8 2 1 0 1 2 0.5 1 0 1 0 5 1.33333333333333 0 0.333333333333333 1.5 0 0.875 0 2 3.33333333333333 2 2.5 2 2 1 0 1 0 3 0 0 5 10 0 10 0 2 0 4 1 0 2 2 5 1 0.5 1 0 0 2 1.125 0 0.333333333333333 0 0.3125 1 0.375 3 4 0.5 5 0.5 0.636363636363636 0.75 0.25 0 0 4 2 2 2.5 0
"79" 0 0 0 0 0 0 0 0 0 0 0 0 0 0 0 0 0 0 0 0 0 0 0 0 0 0 0 0.222222222222222 0.5 0.458333333333333 0 0.333333333333333 0.2 0.5 0.333333333333333 0 0 0 0 1 2 0 1 0 1 0 0.461538461538462 0.2 0 0 0.5 0.5 0.2 0 0.333333333333333 0 0.227272727272727 0 0.25 0 1 0.5 0 0.375 0.285714285714286 0 0.263157894736842 0.363636363636364 0 0 0.25 1 0.0227272727272727 0 0 0 0 0 2 0.222222222222222 0.125 1 2.66666666666667 0.5 0.5 0 0.666666666666667 0.5 0.2 0 0 0 0 0 0 0.285714285714286 0 0 0.666666666666667 0
"80" 2 2 0.88235294117647 2 0.666666666666667 5 6 0.625 0.0769230769230769 0 0.142857142857143 0.333333333333333 0.2 0.0909090909090909 0.0344827586206897 1 0 11 0 7 1 0.230769230769231 1 0.1 0 0 0 4 0.1 0.125 0 0 1 0 1.5 7 0 0 0.727272727272727 0.5 3 1 2 3 1 2 3 4 2 0.3 0 0.285714285714286 0.333333333333333 0.8 0.206896551724138 4 1 5 1 2 3 1.25 0.076923076923077 0.5 0 0 0 1 3 0 8 0.235294117647059 4 0.5 0.142857142857143 0.2 5 2 0.156862745098039 4 0.2 0.5 0.222222222222222 1 0 10 0 0.5 0.181818181818182 0.285714285714286 0 1 2 0.333333333333333 0.4375 3.33333333333333 0 0 4 3
"81" 2 3 0.666666666666667 0.5 0 0 1.8 2 0.5 0 0.4 1 0 2 1 0.75 0.423076923076923 0.2 0 0.666666666666667 0 0.0588235294117647 0 0.333333333333333 1.33333333333333 0 0 0.5 0 2 1.5 0.5 1.33333333333333 1 0 1 2 0 0 1.33333333333333 1 1 1 0 1 0 1.36363636363636 0.25 0 0.285714285714286 0.285714285714286 0.714285714285714 0.333333333333333 0.0952380952380952 0 0.75 0 0.333333333333333 1 0.666666666666667 0.5 0.5 0 0.5 0.666666666666667 0 0.4 0 0.5 0.25 0.285714285714286 0 0.0909090909090909 0 0 0.25 0.5 1 1.16666666666667 1 0 1 0.372093023255814 0.222222222222222 0.166666666666667 0 0 1 0.5 0 1 0 1.5 1 0.5 0 0.5 0.333333333333333 1 1
"82" 0.333333333333333 1 0 1 0 2 0 0 2.4 0 2 0 10 1 1 8 3 0.5 0.166666666666667 0.333333333333333 0 1 0 1 10 0 0 5 1.5 2 5 2 0.461538461538462 1 0 0 0 0 1 5 0.454545454545454 0.166666666666667 0.153846153846154 0 2 0.5 1.5 1 0 1 0.4 0.5 1 0.1 0.125 4 0.5 0.166666666666667 0.277777777777778 0.333333333333333 0 0.428571428571429 0 0.166666666666667 0 0.75 0.166666666666667 0.111111111111111 0.25 0 0.413793103448276 0.256410256410256 0.222222222222222 0.25 1.75 0 1 0.307692307692308 0.275862068965517 0.142857142857143 0 0 0.142857142857143 0 0 0.666666666666667 0 0 0.8 1.5 0.25 0 1 0.111111111111111 0 0.8 1 1 2 1.5
"83" 0 2 1.5 1 0 0 3 11 0 0.5 7 2 3 0 3 5 4 4 1 0 1 0 0.333333333333333 0.333333333333333 1 0 0 2 1 4 0 2 1 1 5 7 0 3 6 1 1 1 0.333333333333333 0 0 1 0 0 0 0 1 0 0 0 0 0.333333333333333 0 0 0 0 0.25 0 0 0 0 2 0 0 1 4 6 1 0 0 0 4 2 0.625 7 0 0 0 0 0 3 5 2.75 2 2 4 2 2 3 8 6 7 1 4 0 8
"84" 0.05 0.0714285714285715 0.5 1 0.0625 1.5 1 1.16666666666667 0.25 0 0.0909090909090909 0.333333333333333 0.25 0 2 2.5 0.0588235294117647 0.166666666666667 0.142857142857143 1 0.04 0 0.214285714285714 0.0416666666666667 0 2 1 2 1 1 0.111111111111111 0.117647058823529 0.0666666666666667 0 0 3 1 0 0.148148148148148 0.5 0 0 1.18181818181818 0 1 1 4 2 0.3 0 0.0512820512820513 0.0434782608695652 0.0357142857142857 0.25 1 4 3 1 2 4 2 0.0888888888888889 0.0285714285714286 0 0.117647058823529 1.33333333333333 0.0170940170940171 0.0188679245283019 0 1.5 0.125 0.0714285714285715 0.130434782608696 0.5 0.125 3 0.5 3 0.333333333333333 0.0909090909090909 0.2 1 1.33333333333333 1 0.027027027027027 4 0.08 0.0208333333333333 0.5 1 0.166666666666667 0 1 2 1 5 1.5 0.25 0.0666666666666667 0.333333333333333
"85" 2 4 0.8 5 2 2 0.5 0 5 1 4 0 1 3 1 1 11 0 0 2 4 1 2 1 2 0 0 6 4 14 7 5 6 2 1 2 4 1 5.66666666666667 0 1 8 3 4 11 0 9 4 1 3 11 9 6 7 4 1 8.5 2 4 6 9 6 0 1 0 0 0 0 0 0 0.666666666666667 2 5 3 0 3 4 0 6 17 7 5 2 9 8 0 11 0 7 1 24 8 3 2 2 7 3 4 2 3
"86" 0.333333333333333 0 1.33333333333333 0.2 0 0 0.571428571428571 0 1 2 0.5 0 0.3 2 0.5 2 0.25 0.4 0.4 1 0 0.5 0 6 2 0.285714285714286 0.6 0.666666666666667 0.0909090909090909 0.1 0.125 0.0714285714285714 0.411764705882353 0 0.5 0 4 0 0 0 5 0.666666666666667 1 0 1 3 2 1.66666666666667 4 0.666666666666667 0.833333333333333 0.555555555555556 0.6 0.142857142857143 2 0 3 0.571428571428571 0 1 1 2 0.666666666666667 0.333333333333333 2 0 0.571428571428571 1 1.5 0.2 4.66666666666667 1.28571428571429 0.777777777777778 0 0.166666666666667 2 0.75 2.5 0 2 1 1 0.416666666666667 1 4 0.5 1.25 0 4 0.153846153846154 1 0 1 1 0 1 0.5 0.5 11 0.5
"87" 0.666666666666667 1 0 0.333333333333333 1 5 1 10 0.166666666666667 0.0909090909090909 0.133333333333333 4 4 0 0 0 2 0 2 0 4 3 8 1.25 0 6 0 0 2 1 0.285714285714286 0 2 1 1 1 0 0 2 9 0.05 0.2 0.142857142857143 0.0555555555555555 0.0625 1 0.256410256410256 0.0454545454545455 0.0833333333333333 0.2 0.333333333333333 0 0.2 0 0.6 4 0.0491803278688525 0.333333333333333 0.5 1 0.333333333333333 0.333333333333333 0.2 0.142857142857143 1 6 0.692307692307692 0.0384615384615385 0 1 0.25 0.142857142857143 0.333333333333333 0 0.666666666666667 1.5 0.5 0.25 0.0222222222222222 1 0.0769230769230769 0 1 1 0.0298507462686567 0.05 0.154929577464789 0.0625 0.0740740740740741 0.166666666666667 0.0909090909090909 1 1 0.142857142857143 0.25 6 0 1 0 2
"88" 0.666666666666667 0.2 0.4 0.1 1 0 1.33333333333333 3 0.0769230769230769 0 6 1 1 7 0 0 0 0 0 3 0 0.142857142857143 0 0.6 0.166666666666667 0.428571428571429 0 0.115384615384615 4 13 0.192307692307692 0.117647058823529 0 0.333333333333333 0 0 0 3 7 4 2 0.0512820512820513 1 0.333333333333333 0 0 0.0760869565217391 0.0833333333333333 0.0714285714285714 0 0 0.333333333333333 1 0.222222222222222 0.181818181818182 0 2.5 2 3 1 0.444444444444444 0.0188679245283019 0.0769230769230769 0.166666666666667 0 0 0 0.666666666666667 1 0.2 0.285714285714286 0.142857142857143 0.0204081632653061 0.2 0.0476190476190476 2 0.5 0.032258064516129 0 0 0.142857142857143 0 0.181818181818182 0 0.2 0.8 0.375 2 0 0 1 0.4 0.111111111111111 0.142857142857143 2 9 1 0.857142857142857 0.5 0.5
"89" 0 0 0.2 0 0 0.5 0.25 0 0 0 0.4 0 0 0 0.5 0 0 0 0 0.333333333333333 0 0.333333333333333 0 0 0 0 0 0 0 0 0 0 0 0 0.5 0 0 0 0.25 0 0 0 1 1 0.2 0 0 0 0 0 0 0.25 0 0 0.125 0.111111111111111 0 0.2 0.4 0 0 0 0 0 0 0 0.166666666666667 0.5 0 0 0 0 0 1 0 0 0 0 0.0869565217391304 1 0 0 0.3 0 0.1 0 0.0238095238095238 0 0 0 0 0 0 0 0 0.130434782608696 0 0 0 0
"90" 0 0.5 0 0 0 0.2 1.125 5 2 0 0.75 0 0 1.33333333333333 0 1 0.4 1 2 0 0 1 0 0.8 0.25 0.333333333333333 1 0.375 0.196078431372549 0 0.333333333333333 0.25 0 0.8 0 0.142857142857143 0 0 0.333333333333333 0.545454545454545 0.375 1 0 0 0.0588235294117647 0.5 0 4 1 0 1.25 0 0 0 0.5 4 0.5 0 0 1 1 0.111111111111111 0.75 0.333333333333333 0 0 0.4 2 0.333333333333333 0 0 0.466666666666667 0 0 2 3 0.428571428571429 0 0 0 0 0 2.5 0 0 0.5 0.363636363636364 2 2 1 0.5 0.2 2 0 3.33333333333333 2 1 6 2 0
"91" 0.0833333333333333 0.0666666666666667 0.272727272727273 0 0 6 3 1.33333333333333 2 0 2 4 3 0 0.5 0 0 0.5 0.4 1 0.0909090909090909 0.111111111111111 0.333333333333333 0 0.5 0.5 0 0 0.166666666666667 0.666666666666667 0 0 0 0 0 0 0 0 0 0 0 0.166666666666667 2.66666666666667 0 0 0 0.076923076923077 0.214285714285714 0.2 0 0.0833333333333333 0.1 0.166666666666667 0.214285714285714 0.111111111111111 0.125 0 0 0.0526315789473684 0 2 0.115384615384615 0 0.4 0 0.333333333333333 0.0714285714285714 2 0 1 1 0.75 0.0689655172413793 0 0 0 0 0.2 0.317073170731707 0 0 0 0 0 0.0136986301369863 0 0 0 0.0625 0 0.214285714285714 0 0.5 0 0 0.333333333333333 0 0 3 0.272727272727273
"92" 0 0 0.666666666666667 0 0.5 0 1 0 1 0 0.333333333333333 0 0.166666666666667 0 0 0 1 0.666666666666667 0 0.5 0 0 0.666666666666667 0.285714285714286 1 0 0 1 0 0.5 0 0 0 0 0 0 0 0 0 0.0909090909090909 0 0.25 0 1 0 0 0.666666666666667 0 0 0 0 0 0 1 0 0 0.2 0 0 0.0714285714285715 0 0 0 0 0 0 0.166666666666667 1 0 0 0 0.25 0.7 0 0.25 0.4 2 0 1.33333333333333 1 1 2 5 0 2 1 7 2 4 1 5 2 3 4 0.714285714285714 0 4 2 1 1
"93" 0 0 0 0 0 0 0 0 0 0 0.0714285714285714 0.2 2 0 1 2 0.285714285714286 0.666666666666667 0 0 0 0 1 0 0 0 0 0 0 0.333333333333333 0.5 0 0.571428571428572 0 0 0 0 0 0 0 0 0 0.25 0.166666666666667 1 0 0.444444444444444 0.0909090909090909 2 0.333333333333333 0.333333333333333 0.333333333333333 0.153846153846154 0.352941176470588 0 0.2 1.25 0.5 0.666666666666667 1.5 0.2 0.19047619047619 0 0.666666666666667 0 0 0.4 1 0.5 0.6 0.416666666666667 0.111111111111111 0 0 1 0 0 0.5 0.166666666666667 0.5 0.272727272727273 1 1 0.5 0.5 0 0 0.666666666666667 1 0 0.357142857142857 0 1 0.142857142857143 0 0.333333333333333 1 0 0 0
"94" 0.272727272727273 0.5 1 1 2 2 2 2 0.833333333333333 0 0.166666666666667 0 0.666666666666667 0 0.148148148148148 4 3 2 0.166666666666667 0.2 0 0.142857142857143 0 0.272727272727273 0.133333333333333 2 0 2 0.222222222222222 0.05 1 0.5 0 2 0.25 0 1 1 2.25 1 0 6 3 0.5 1 3 7 2 1 4 1 1 0.0588235294117647 0.111111111111111 0.107142857142857 2 1.16666666666667 0 0.25 0.166666666666667 1 0.0588235294117647 0 1 0.333333333333333 1 3 3 3 0 4 1.28571428571429 0.173913043478261 0.142857142857143 1 0 0 0.9 0.133333333333333 0.153846153846154 0.181818181818182 1 0.5 0.0740740740740741 0.0714285714285714 2 0.25 0 0.0833333333333333 0.0434782608695652 0.03125 0 0.333333333333333 0 0 0.5 0 0 0 0
"95" 2 1 2 0.5 0 0 1 8 0.4 1 1.16666666666667 0.5 0 0 2 0 17 0.5 1.5 0 0.8 0.125 0.333333333333333 0 0 4 0 8 8 0.5 0.0769230769230769 1 0.533333333333333 0.125 1 0 0 0 0.555555555555556 0.25 0.333333333333333 0.166666666666667 1 3 0 0 5.5 2 2 1 0.5 0.5 0.166666666666667 0.181818181818182 0.2 2 0 0 3.5 3 4 0.4 2 0 0 0 4 0 0 1.33333333333333 3 1 0.25 0 3 0.25 7 0 4 1 0.428571428571429 2 2 1.375 0 4 0.846153846153846 1 1 0.2 0.5 0.25 0.2 0 0 0 1 3 0 3
"96" 0.4 0 5 0.333333333333333 0 0 2 0 0 0 0.428571428571429 0 0 1 0 0 1.8 0 0.666666666666667 0 1 0 0 1 0.5 1 0 2 0 0 0 0.2 0 0 1 0 7 1 0.666666666666667 1.14285714285714 0 0 0 0 1 1 7 3.8 3.6 0.1 0.5 0.2 0.166666666666667 0 0 0 3 4 0 6 4 0.210526315789474 0 1 1 8 3 3 0 3 7 0 0 0 0 1 2 3 6 3 0 0 0 1 1.16666666666667 2 3 2 6 0 4 2 0.615384615384615 0 0.333333333333333 0 2 4 5 5
"97" 1 0.1 0.0526315789473684 0.333333333333333 1 0 1 2 0 2.5 0.523809523809524 1 1.5 3 0.142857142857143 1.11111111111111 1 1 2 0.571428571428571 1 0.2 0 0.75 1 1 0 2.75 0.25 0.1 0 0.285714285714286 0.2 0.2 0.2 0.5 0 0 0.15625 0.0769230769230769 1 0 0 0 0 0 1.16666666666667 1.2 0.333333333333333 0.0645161290322581 0.133333333333333 1 0.25 0.2 0.133333333333333 0 2.5 1 1 2 5 3 2 1 0.5 4 1.69230769230769 1 0.2 0.333333333333333 0.135135135135135 0.225806451612903 0.142857142857143 0 1 1.66666666666667 2 3 0.307692307692308 1 2 0.25 0 1 1 1 2.66666666666667 0.75 0.148148148148148 0.2 0.785714285714286 0.0333333333333333 0.625 0 0.4 1.8 0 2.5 1 2
"98" 0 3 3 0 1 1 1 0 3 2 2 2 2 1 4 1 5 2 4 1 2 0.428571428571429 1 0.333333333333333 2 1 0 0.75 2.66666666666667 6 0 3 1.5 1.5 4 0 0.5 0 1.75 0 0.666666666666667 0.25 1 1.5 0 2 1.05555555555556 0.454545454545454 0 0 0.454545454545454 0.12 0 0 0.142857142857143 0 0.05 0.5 1 3 0.4 0 0.0833333333333333 0 0 1 0 0.153846153846154 0.5 2 0 0.5 0.375 1 0 1 2 1.33333333333333 1.18181818181818 0.5 2 0 0 0 1 1.5 0.307692307692308 1.16666666666667 0.333333333333333 0.272727272727273 0 0 1 0.5 0.5 0.3125 0.5 0.142857142857143 0.333333333333333 1.28571428571429
"99" 0 0 2 0 0 2 0 0 2 3 0 0.5 1 1 0.25 0 0.195121951219512 0 1 0 0 0.4 0 0 0.111111111111111 0 0 0 4 0.444444444444444 1 0 4 0 1 3 0.5 0.5 0.8 0 0 0 2 1.42857142857143 0.391304347826087 1.33333333333333 0 2 1 0.333333333333333 0.3 0.111111111111111 0.285714285714286 0 0 0 0.150684931506849 0 0.230769230769231 2 0 1 0 2 0.2 0 0 0 0.178571428571429 0.166666666666667 1.33333333333333 0 1 0 0 5 1.33333333333333 3 0.172413793103448 0.818181818181818 0.294117647058824 0.142857142857143 0.125 0.227272727272727 0 0 0.238095238095238 0 0.285714285714286 0.222222222222222 1 0.25 0.5 0 0 0 0 0 1.5 0.5
"100" 0 0 0 0 0 0 0 0 0.142857142857143 0 0 0 0 0 0 0 0 0 0 0 0.2 0 0 0 0 0 0 0 0 0.333333333333333 0 2 0 2 0 5 0 0 0 0 0.181818181818182 0.166666666666667 0 0 0.0588235294117647 0 1 1 0 6 0 2 5 0.4 0.0256410256410256 0 1.71428571428571 0 1 0 1 0.5 1 3 0 0 1 0.333333333333333 0 0 0.6 0.333333333333333 1 0.5 0.333333333333333 0 0.833333333333333 0.714285714285714 0.5 0.166666666666667 0 1 0.666666666666667 0.666666666666667 0.4 0 0.5 1 2 1 0.125 0 0 0.333333333333333 2 2 1 2 0 2
"101" 0.333333333333333 0.5 1 0 3 0 9 6 1 0 3 0.444444444444444 0.5 1 0.2 1.4 3 0.5 5 0 0.1 0 1 3 0.6 0 1 3 0.666666666666667 8 0.15 0.333333333333333 0.08 0.25 0 0 0.5 0 5 3 0.555555555555556 0.0833333333333333 0.1 0.0833333333333333 0.166666666666667 0.333333333333333 1.25 1 2 2 0.25 0 1 0 2 1 1 0 1 1 0 1 0 0 4 9 0.206896551724138 0.4 1 1 1 0.0625 0.0625 1 0.333333333333333 0.5 3 5 1.66666666666667 0.5 0.75 0.0909090909090909 0.0869565217391304 0.333333333333333 1 1 2 3 0.130434782608696 0 0.2 0.5 0.0526315789473684 0.5 0.333333333333333 0 0 1 2 0
"102" 0 0 0 0 0 0 0 0 2 0 0.428571428571429 0 1.33333333333333 0 0 0 0.2 0 0.142857142857143 0 0 0 0 0.333333333333333 1 0 0 0 0 0 0.75 0 0 0 0 0 0 0 0.166666666666667 0 0 0 0.25 0 0 0 0.142857142857143 1 0 0.5 0 0 0 0 0.0625 0 0 0 0 0 0.133333333333333 0.5 0 0 0 0 0 0 0 0 0 0 0 0 0 0 0.25 0.142857142857143 0 0 0 0 0.181818181818182 0 0 0 0 0 0 0 0 0 0 0 0 0 0 0 0 0
"103" 0 0 0.142857142857143 0 0 0 0.125 0 0 0.2 0 0 2 0 0.25 1 0 0 0 0.0714285714285715 0 2 2 0 0 0 2 0 0 1.33333333333333 0.571428571428572 0 1 0 3.33333333333333 4 0 0 0 0 2 0.5 2 7 0.5 0.333333333333333 2 0 0 0 1.7 0 0.2 0 2 1 0.583333333333333 0.333333333333333 0.0526315789473684 0 0.162162162162162 0.666666666666667 0.0454545454545455 0 0.4 0.5 2.66666666666667 1 0.0833333333333333 0 0 0.545454545454545 3.25 0.5 3 2 0.5 5 1.57142857142857 2 0.384615384615385 0.166666666666667 0.181818181818182 2 0 0 0.0555555555555555 0 2 1.5 1.1 0 0.4 2 1 0.5 0 0 2 0.571428571428571
"104" 0 0 0 0 0 0 0 0 0 0 0 0 0 0 0 0 0 0 0 0 0.0434782608695652 0 0 0 0 0 0 0.032258064516129 0 0.181818181818182 0 0 0 0 0 0 0 0 0.666666666666667 0 0 0.666666666666667 0 0 0 0 0 0 0 0.2 0 0.285714285714286 0 0 0 0 0 0 0 0 0 0 0 0 0 0 0.142857142857143 0 0 0 0 0.2 0.15 0 0 0 0 0.125 0.272727272727273 0.125 0 0 0.125 0 0 0 0 0 0 0 0 0 0 0 0 0 0 0 0 0
"105" 0.5 0 1 0 0 0 0.111111111111111 0 2 1 7 0 0 0 0 0 5 1 0.5 0 0 0 0 0 0 0 0 0 0.142857142857143 0.25 0 0 0 0 0 0 0 0 0 0 0 0 1 0 0 0 2 0 0 0 0 0 6 0.0625 0 0 0 0 0 0 0 0 0 0 0 0 0 0 0 0 0.0285714285714286 0.5 0 0 0.384615384615385 0 0.166666666666667 0 0 0 0 0 0 0 0 0 0 0 0 0 0 0 0 0 0 0.115384615384615 0 0 0 0
"106" 1 3 0 1 8 0 0 1.33333333333333 0.2 0 0.133333333333333 0 0.666666666666667 1 0.363636363636364 0 1 2 1 2 1.33333333333333 0.333333333333333 0 0 0.185185185185185 0 0.25 2 1 0 2 1 1 0.2 0.333333333333333 1 1 1 3 0.428571428571429 0 0 3 1 0.222222222222222 2 5 0.375 0.307692307692308 0.5 0.571428571428572 0.444444444444444 0.25 0.666666666666667 0.195652173913043 4 1.5 0.076923076923077 0 0.666666666666667 0.333333333333333 0.117647058823529 0.172413793103448 0 0.5 3 0.592592592592593 0.263157894736842 0.25 2 1.33333333333333 1 0.0454545454545454 0 1.75 0 0 1 1 0.166666666666667 2 0.125 0.161290322580645 0 0.176470588235294 0 0.541666666666667 0 0 1 3 0 3 1 2 0.583333333333333 2.33333333333333 0.125 0.2 0
"107" 0.227272727272727 0.25 0 0.4 0 0.5 0.5 0.142857142857143 0.142857142857143 0 0.4 0 0 0.5 0.6 0 1 0 0 0 0.5 0 0 0 0 0 0.666666666666667 0.344827586206897 0 0 0 0 0 0 0 0 0 0 0 0 0 0 0 0 0 0 0.111111111111111 0 0 0 0 0.166666666666667 0 0 0 0 0.037037037037037 0 0 0 0 0.222222222222222 0 0 0 0 0.0454545454545454 0 0.142857142857143 1 0 0 0 0 0 0 0 0 0 0 0 0 0 0 0 0 0 0 0 0 0 0 0 0 0 0 0 0 0 0.166666666666667
"108" 0.5 1 1 0.363636363636364 0.0571428571428571 0 3 3 0.285714285714286 0.5 0.333333333333333 0.0833333333333333 0.142857142857143 0.142857142857143 0.25 0.666666666666667 2 0 0 0.333333333333333 0.5 0 0 0.727272727272727 1 1 1 0.172413793103448 2.5 7 5 6 0.352941176470588 0 1.5 0 0 0 3 5 0.25 0.666666666666667 0.666666666666667 0 1 0.8 0.461538461538462 0.5 0.333333333333333 0.2 0.076923076923077 1 1 0.0769230769230769 0.153846153846154 0.2 1.04545454545455 0 0.428571428571429 0 0.666666666666667 0 0.625 1 0 1 1.83333333333333 0.583333333333333 0 1 0.666666666666667 0.5 0.166666666666667 0 0 1 0 1 3 1 2 2 3.5 3 0.266666666666667 2 0.208333333333333 0.333333333333333 2 9 2 0.5 0.5 1 0.2 4.5 0.666666666666667 0.75 1 0.333333333333333
"109" 0 0 0.285714285714286 0 0 0.333333333333333 0 0.25 0.0681818181818182 0 0.0526315789473684 0 0 0 0 0 0 0 0 0 0 0 0 0 0 0 0 0 0 0 0.0294117647058823 0 0 0 0 0 0 0 0 0 0 0 0 0 0 0 0 0 0 0 0 0 0 0 0 0 0.142857142857143 0 0 0 0 0 0 0 0 0 0 0 0 0 0 0 0 0 0 0 0 0 0 0.136363636363636 0 0 0 0 0 0 0 0 0 0 0 0 0 0 0 0.0147058823529412 0 0 0 0
"110" 3 1.5 0.5 0.333333333333333 0.916666666666667 2 4 1 2 3 3 3 1 0 2 2 1.5 0.5 2 1 4 1 0 2 4 2 4 0 7 10 4 6 0.5 0 0.2 4 1 1 0.125 0.153846153846154 0.5 0.25 0.5 0.142857142857143 0 0.333333333333333 2 0 3 2 2.5 0.0344827586206897 0.111111111111111 0.818181818181818 0 1 1 2 1 1 1 7 2 3 3 3 3 6 4 4 4 4 9 3 2 1 2 5 2.75 0.0843373493975903 1 6 9 5 0.477272727272727 0.5 1.4 1 2 0 0.5 1 2 0 0 8 2 3 2 4
"111" 0 0 0 0 0 0 0 0 0 0 0.133333333333333 0 1.5 0 0 0 0.0476190476190476 0 0 0 0 0 0 0 0 0 0 0 0 0 0.0909090909090909 0 0 0 0 0 0 0 0 0 0 0 0 0 0 0 0.5 0 0 0 0.111111111111111 0 0 0 0 0 0 0 0 0 0 0.5 0 0 0 0 0 0 0 0.5 0 0 0.333333333333333 0 0 0 0 0.0526315789473684 0 0 0 0 0 0 0 0 0 0 0 0 0 0 0 0 0 0 0 0 0 0
"112" 0 0 0.5 0 0 0 2 1 1 1 0 0 5 0 2 2 0.285714285714286 0 0.2 0.666666666666667 0.75 0.333333333333333 0 0.105263157894737 0 1 4 2 2.5 0 0.125 0.6 3 0.125 1 2 3 1 2 0.666666666666667 7 0.4 0.142857142857143 0.25 0 1 0.25531914893617 1.33333333333333 0.5 0.4 0.0344827586206897 0.0555555555555555 0.25 0.25 0.333333333333333 2.66666666666667 1 1 0.5 1 0.0454545454545455 0.0769230769230769 0.125 0.2 0.5 0 1.66666666666667 1.4 0 0 1 0.333333333333333 0.126984126984127 0.5 0.125 5 1 0.04 2 0.0204081632653061 0 1 0.5 0 0.117647058823529 0 0 2.5 1.5 0.285714285714286 0.05 0.0625 0.0714285714285714 0.166666666666667 1 0.5 0.333333333333333 1 0 1.5
"113" 0 0 0 0 0 0 0 0 0.153846153846154 0 0.214285714285714 1 0 1.5 1.8 5 2 0 0 0 1 1.66666666666667 0 0.25 0.142857142857143 3 0 2 1 0.0491803278688525 0.75 2 5 3 0 2 0 0 2 4 0 0 0 1 1.5 0 0.833333333333333 0 6 0 0 9 9.2 0 0.285714285714286 0 0.1 0 0.0714285714285714 0 0.333333333333333 0.333333333333333 3.5 2 0.0769230769230769 0 2 0.266666666666667 0 0 2 0 0.454545454545454 1 0.2 2 1 5 2 0.5 0 0.545454545454545 0.142857142857143 1 0.0357142857142857 0 0 0 0.5 0 0.125 0.166666666666667 0.0909090909090909 0 0 0 0 0 0 0.333333333333333
"114" 2 5 1.6 0.2 0 2.33333333333333 0.5 0.105263157894737 0.25 0.0714285714285714 0.0666666666666667 0 0.4 0.285714285714286 0.5 0 0.666666666666667 0.714285714285714 0.8 1 3 0.214285714285714 0.5 0.5 0.333333333333333 1 4 1 1 0.2 0.2 0 0 0.75 1 0 0.666666666666667 0 2.5 0.875 0.5 0.666666666666667 1 0.75 0 0 1.75 1.5 1 2.66666666666667 3 1 0.5 0.8 0.5 0.166666666666667 2 1.5 1.66666666666667 0 1.75 0.153846153846154 0 0 0.5 3 2 0.444444444444444 0 0 0.285714285714286 1 0.159420289855073 0 0.076923076923077 0.333333333333333 1 4 2.5 1.16666666666667 0 0 0 0.666666666666667 0.2 0 0.4 0.0833333333333333 0.857142857142857 0.833333333333333 0.25 0.333333333333333 0.8 0.8 0.111111111111111 1 1 0.384615384615385 0.333333333333333 0.5
"115" 5 0 0 0 1.25 1 0 0 3 0 2.75 0 3 0 0.666666666666667 2 2 0 0.5 0 0.25 0 2 0.625 1.16666666666667 0 0 0.0833333333333333 1.5 3 1 0 0.8 0 1.5 0 0 0 1 0.2 0.333333333333333 0.857142857142857 1 0 0.363636363636364 0.6 2 2 0 1 1.2 1.33333333333333 0.5 0.888888888888889 0.666666666666667 1 0.833333333333333 1.33333333333333 0 0 4 2 1 3 1 0 2 0 0.5 0.4 0.5 3.25 2.5 0 0.4 0.2 0.5 1.11111111111111 0.631578947368421 0 0 0 0.444444444444444 0.666666666666667 0.333333333333333 0 0.413793103448276 0 0.5 1 2.5 0.5 4 2 1 1 1.2 0 1.16666666666667 2
"116" 0 1 2 0 0 0 0.428571428571429 0.272727272727273 0.0909090909090909 0 0 0 0.333333333333333 0 0.428571428571429 0 0.333333333333333 0 0 0.416666666666667 1 0 1 0 1 0 0 0 0.0666666666666667 0.5 2.66666666666667 0 0 3 2 2 1 0 5 5 0 0.5 0 2 0 1 1 0.166666666666667 0 2 0.153846153846154 1 0.25 0.03125 0 0 0 0 0.666666666666667 3 3 0.2 1.5 0 0 0.2 0.08 0.0833333333333333 0 0 0.6 0.0126582278481013 0 0 0 0 0 1.5 0 2.33333333333333 0 6 0 0.333333333333333 0 0 0.176470588235294 0 0 0 0 0 0 3 0 0 0 0.125 0 0
"117" 7 5 1.6 2 0.6 5 1.07142857142857 1.33333333333333 0 1 0.6 0.25 0.272727272727273 0.666666666666667 0 0 8 0 2 4 0 4 1 0.166666666666667 0.333333333333333 0.5 4 5 0.5 3 0.0833333333333333 0.25 0.2 0.333333333333333 0 10 5 0 3 2 2.66666666666667 1.33333333333333 0.111111111111111 0 0.25 0 0.606060606060606 0.5 1 0.133333333333333 0.0769230769230769 0.777777777777778 0 1 0.302325581395349 2 11 1 0.2 0 2 0.454545454545455 2 0.333333333333333 1 0 6 1 2 1.66666666666667 0 0.363636363636364 5 0.333333333333333 0.357142857142857 0.333333333333333 1 5 4 3 3 0.2 0 3 1.5 1 0.4 1 0.0769230769230769 1 0.285714285714286 1 1 0 0 2 2 5 8 3
"118" 7 3 0 1 4 0 0 0 4 2 12 3 6 1.5 5 0 5.5 1 3 2 7 1 0 2 3 0 0 8 3 2 2 3.5 13 4 8 0 4 1 3 5 1 3 0 12 1 3 10 1 2 4 1 1 3 1 10.6666666666667 0 1 2 3 4 2 5 2 0 2 0 1 2 0 0 6 2 10 1 4 0 4 1 6 0 1 2 1 3 5 1 2.44444444444444 1 3 1.5 1 1 5 0 1 3 2 1 0 2.33333333333333
"119" 0 3 5 0 0 0 1 4 2 0 0 4 3 0.714285714285714 0 5 0.769230769230769 0.1 0 0.166666666666667 0 0 0 2 1.75 0 1 3 1 0.1875 0.214285714285714 0.117647058823529 12 0 0 0 0 1 2 0 4 1 4.5 0.117647058823529 0 1 0.8125 0.5 0.6 0.185185185185185 0.1 0.3 2 0.111111111111111 0.5 0.5 0.19047619047619 0.2 0.333333333333333 0 0 0.333333333333333 0.857142857142857 0 2 2 0.173913043478261 0 0.5 0.2 0 0.285714285714286 0.157894736842105 0.222222222222222 0.166666666666667 0 0.25 0 7 1 3 1 0 2 1 4 1 0 5 3 0 4 1 0 2 3 1 2 3 4
"120" 0.2 0.5 0 0 1 0 2 5 3 3 1.66666666666667 0.625 0.25 0.5 1 0 2 0 0.333333333333333 0 0.333333333333333 0 0 0 1.5 1.66666666666667 4 2 0 0.0769230769230769 1 0.142857142857143 0.5 2 1.33333333333333 2.5 5 0 1.5 0.0625 0.333333333333333 1 1.5 2 0.0588235294117647 1 1 1 0.444444444444444 0.173913043478261 0.1 0.1 0.142857142857143 0.1 0.115384615384615 3 0.226415094339623 1 0.0588235294117647 0.2 0.333333333333333 0.333333333333333 1 0 0 6 4 2 1.66666666666667 1 0.0645161290322581 0.025 0.0714285714285714 0.0714285714285714 0 2 2 5 0.0338983050847458 0 0.285714285714286 0.25 0.04 0 0.357142857142857 2 4 3 0.103448275862069 0.08 0.105263157894737 0 1 1 1 0.261904761904762 0 0.4 0.25 0.25
"121" 0 0 0.5 1 1 0 1 2 2 0 2 3 3 1 3 2 12 0 2 0 0 4 0 0.4 0 1 0 5 1 8 4 0.25 0.25 0 1 4 1 0 0 0 1 1 2 0 12 2 9 5 0 0.181818181818182 0 0 3 0 0.3 7 5 0 1 0.142857142857143 0 0.333333333333333 2 1 0 0 7 7 0 2 3 2.44444444444444 3 0 2 0 3 1 4 2 4 4 0 0 3 1 2 3 2 1 0.25 2 0 2 1 6 1 1 0.166666666666667 1
"122" 1 0 0 0 0 0 0 0 0.181818181818182 0 0 0 0 0 0 0 0 0 0.142857142857143 1 0.25 0 0 0.5 0 0 0 0 0.2 0.0357142857142857 0 0 0 0 0.142857142857143 0 0 0 1 0 0 0 0 0 0.103448275862069 0 0.25 0.111111111111111 0.25 0 0.0833333333333333 0.3 0 0.25 0.04 0 0.166666666666667 0 0 0 0 0.0166666666666667 0 0 0 0 0.0263157894736842 0.25 0 0 0.153846153846154 0.08 0.0833333333333333 0 0 0 0.5 0 0.107142857142857 0.0303030303030303 0.0833333333333333 0.5 0.2 0 0.08 1.5 0.107142857142857 0.2 0.0666666666666667 0 0 2 0 0 0.142857142857143 1 0 0 0 1
"123" 0.111111111111111 0.333333333333333 0.0555555555555555 0 0.5 0 2 5 3 3 2 0 3 2 3 1 0 1 2.88888888888889 3 5 4 2 5 0.142857142857143 0 0 1 1 9 0.875 0 0 0 0 0 2 0 3 3 5 1 1 0 5 0 6 2.25 0.111111111111111 0.615384615384615 0.666666666666667 0.166666666666667 0.0625 0.6 0.076923076923077 4 2 0.142857142857143 0 3 2 0.0740740740740741 0.111111111111111 0 0 0 5 1 1 2 0 1 2 2.66666666666667 4 4 3.5 0.25 0.333333333333333 0.125 0.125 0 0.5 0.4 0.25 0 2.75 0.666666666666667 0 1 0 0 8 0 1.5 2 3 0.260869565217391 0 0.25
"124" 0 0 0 0 0 0 0 0 0 0 0 0 0 0 0 0 0 0 0 0 0 1 1 4 0 0 0 0 0 1 0.333333333333333 0 3 1 0 2 0 1 0 1 3 0 0.5 0 1 4 13 4 1 2 3.75 4 2.5 1 6 3 2 1 2 2 8 14 3 2 8 2.5 1 5 4 8 1 1 0 0 9 0 3 5 2 13 3 5 8 2 3 1 4 4 5 0 1 1.625 0.692307692307692 0.6 0 1.6 0 0.25 1 0.666666666666667
"125" 0 0 0 0 0 0 0 1 0.16 0 1 0 3 0 0.666666666666667 0 0.0909090909090909 0.333333333333333 0 0 0 0.444444444444444 0 0.0512820512820513 2 1 0 0.230769230769231 0 0.142857142857143 0.25 0 0.285714285714286 0 0.285714285714286 4 1 0.666666666666667 2 0 0 1 1 0 0 0 1 5 0 5 1 1 0 0.454545454545455 0.0666666666666667 0.125 5 0.285714285714286 0 0 0.25 0.5 0.5 0.111111111111111 0 0 1.5 2 0.333333333333333 0 0.0909090909090909 0.466666666666667 0.2 0.666666666666667 0.0909090909090909 0 0 1.5 0.75 0 0.625 0.5 0 0.333333333333333 0.25 0 0.3125 0.875 0 0.1 0 0 0 0 0.285714285714286 0 0 1 3 2
"126" 0.166666666666667 0.111111111111111 0.25 0.142857142857143 0.25 2 0.666666666666667 0.2 0.3 0 0.2 0 0.5 1.66666666666667 0.222222222222222 3 0.133333333333333 0 0.285714285714286 0.25 0.175 2 2 0.4 0.0588235294117647 1.33333333333333 0 1 1 2 0.125 0.166666666666667 0 0.8 0.5 1 3 0.5 2 0.4 0.0454545454545455 0.384615384615385 0.166666666666667 0.666666666666667 0.375 0 0.5 0 4 1 0 5.5 0.0416666666666667 0.159090909090909 0.166666666666667 0 1.25 3 5 0 9 0.333333333333333 0.129032258064516 0 1 0.285714285714286 1 1 1.66666666666667 0.235294117647059 0.25 0.0833333333333333 2 1 3 2 0 6 4 4 2 4 0.0714285714285714 0.1875 0.0806451612903226 0 0.5625 0.166666666666667 0.0769230769230769 0 0 0 0 0 0.363636363636364 1.16666666666667 1 1 0 0
"127" 1.5 1 0.235294117647059 0.125 0 0 0.4 0.333333333333333 0.25 0 0.25 0.2 1 0 1 1 0.538461538461539 0 0 0.222222222222222 0 1 1 0.142857142857143 0.2 1 0 1.33333333333333 4 0.333333333333333 0 0 0 0.666666666666667 0 1.25 0 0 3 2 3 2 2 1 1 1 12 0.666666666666667 0 1 0.75 0.133333333333333 0.166666666666667 0.222222222222222 1 1 3 2 1.5 0.25 1 1.25 0 1 2.5 0 7 2 0.4 1 0.107142857142857 0.5 0.142857142857143 1 0.5 0.25 2 2 3 7 0 4 4 0.5 1 1.5 0.333333333333333 3 0.423076923076923 0.428571428571429 2 1 0.0909090909090909 1 0.111111111111111 2 1 0 3 1
"128" 0 0 0 0 1 0.5 1 0 0 0 0.75 0 0.666666666666667 0 0 0 1 0 0 0 0 0 0 0 0.666666666666667 2 1 1.66666666666667 2 4 5 0 0.125 0.25 0.5 1 0 0 0 0 1 0.333333333333333 0 0 0 0 0 0 1 0 0 1 0 1 3 0 3 2 0.5 4 4 4 0 0.5 1 2 5 0.235294117647059 0.111111111111111 0 0 3 1 1 1.6 0.25 1.66666666666667 0.666666666666667 0.125 0 0.0588235294117647 1 1 0.5 0.2 0 0 0 0 0 0 0 0 0 0 0.25 0 1 0 1
"129" 0 0 0 3 0.238095238095238 0 1 3 1 0 0 0 0 0.6 1 0 1.5 0 0 0 1.5 2 0 5 1 1 4 3 0.225806451612903 3 1 1 2 0.5 0 0 0.75 0 0 0 1 0 6 0.666666666666667 0.0833333333333333 0 2 2.33333333333333 0.333333333333333 0.5 0.2 0 0.285714285714286 0 0 0 0 0.8 0 0 0.75 0.0909090909090909 0.0370370370370371 0.5 0 2 0 1.33333333333333 1 0.0769230769230769 0.166666666666667 0.0625 0.5 0 0.5 0 0 3.33333333333333 0 0.25 0 0.5 0.142857142857143 0 0.166666666666667 0.5 0.583333333333333 0.571428571428572 0.25 0 0.076923076923077 0.2 0.0769230769230769 0 1 1 0.5 3 1.5 0.333333333333333
"130" 0.428571428571429 0.25 0 1 0.666666666666667 0 3 0 2.4 0 0 1 0.5 0 0 0 2 0 3 1.5 0 0 1 1 0.5 0 0 1.66666666666667 0 0.529411764705882 0.333333333333333 0.333333333333333 0 0 1 0 0 3 0.285714285714286 0 0 0 0 0 2 0 7 1 1 0.142857142857143 0 2 1 0.333333333333333 0.25 0 1 1 3 0 2 3 1 0.333333333333333 1 2 1.5 2 0 0 0 0 0 0.5 0 0 4 0.333333333333333 0.333333333333333 0 1 0.181818181818182 3 1 2 0 1 3 4 1 3 1 1 1 3 7 0 1 3 5
"131" 0 0 0 0 0.2 0 1 0 0.333333333333333 0 0.545454545454545 0 0.818181818181818 0.5 0.5 0 0.666666666666667 0 0.142857142857143 0 0 0.2 0 3 0.181818181818182 0 0 0.678571428571428 0.5 1 0.6 1 0.833333333333333 0 0 0 0 0 0.666666666666667 1 0 0 0.166666666666667 0 0.125 0.4 0.75 1 0 0 0.333333333333333 0.8 4 0.4 0.2 0.857142857142857 0.285714285714286 1 1.25 0.5 0 1.33333333333333 0.5 0 1 0.8 0.285714285714286 0.444444444444444 0 1 2 1 0.619047619047619 1 1 0 1 1.33333333333333 1 1 0 1 2.8 1 0.6 1 1.8 0 1.11111111111111 0 0 0.4 2 3 0.777777777777778 3 2 0 4 0.666666666666667
"132" 2 0 3 4 3 0 3 2.2 2 1 2 0 6 2 10 11 3.5 0 0 1 0 4 4 2 0 3 0.5 3 5 3.5 10 3 5 6 3.33333333333333 3 4 4 6 2.5 2 0 9 4 1 1 5.25 2 1 0 1 9 2 5 2 6 8 0 3 2 6 16 4 7 3 1 9 2 1 0 8 2.75 1 4 1 1 7 3.5 1 1 4 4 2 0 8 2 10 6 1 5 5 3 5 4 8 1 1 2 4 3
"133" 0.375 0.125 1 0 1 0 0.666666666666667 6 2 0 0 0 2 0.5 0.5 1 9 1 3.33333333333333 0 1.4 1 0.5 0 2 2 2 1.8 0 0.571428571428571 0.142857142857143 1.625 0.5 0 1 0 0 0 1 3 2 1 5 0 1.27777777777778 1 6 4 1.5 0.25 0.285714285714286 1 1 1 0.333333333333333 1 0.215686274509804 1 0 0 0.5 0.25 0.333333333333333 0.125 1 1 1 2 1 0 0 0 0.39344262295082 0.25 0.1 2 0.490196078431372 0.5 0.4375 1 0.0357142857142857 2 3 2 1 0 3.25 1 0.117647058823529 0 0 2 2 0 0.583333333333333 4 0 0 0 0
"134" 1 1 0.5 0.2 0.2 1 1 0 1 1 0.181818181818182 0 0 0.125 0.5 1 0.571428571428572 1 2 1.5 1 0.0666666666666667 2 1 1 3 0 0.466666666666667 0 0.285714285714286 0.222222222222222 1 0.5 2 0 0 0 1 1 1 0 1 1 0 3 1 1 1 0 2 2 0.666666666666667 0 0.153846153846154 1 0.4 1 0.5 0 0.5 0.666666666666667 0.375 0.111111111111111 0 0 1.33333333333333 0 0.181818181818182 0.5 0.333333333333333 0.210526315789474 0.5 0.113636363636364 0.166666666666667 0.454545454545454 0 1 3 2 1 0 0 0.666666666666667 1 3 0.666666666666667 0.333333333333333 0 1 0.5 1 2 3 0.5 0.5 2 1.5 0.35 3 0
"135" 0 0 0 0 0 0 0 0 0 0 0 0 0 0 0 0 0.333333333333333 0 0 0 1 1 1 1 2.5 2 1.5 0.75 0.166666666666667 0 0 0.5 0.142857142857143 0.25 0 0 0 0 0.2 0 0 0.1 0.6 0 0.333333333333333 0 0 0 0 0 0.0714285714285715 0 0 0 0 0 0 0 0.2 0 0 1 0 0 0 0 0.4 0.5 0 0.5 0 0 0.0714285714285714 0 0 0 0 0 0.15 0.037037037037037 0 0 0.103448275862069 0 0 1 0.0666666666666667 0 1 0.333333333333333 0 0 1 2 0.263157894736842 0.4 0 0 0 0
"136" 1 0 0.868421052631579 0.4 1 0 0 0 0.8 1 0.166666666666667 0.5 0 2 0.5 0 2 0 1 4 3 1 1 3 0.25 3 2 2 2 1 3 0.148148148148148 0.125 0 0 4 0 0 2 1 0 4 0 0 1.11111111111111 2 10 8 0 2 0 4 0 0.5 0.5 0 6 2 1.5 1 0.3 0.166666666666667 0.0714285714285714 0 1 1 3 0.4 0.25 0 0.416666666666667 0.0645161290322581 0 0.285714285714286 0 1 0 0.297872340425532 0 0 0.428571428571429 0.2 0.235294117647059 0.25 0.0645161290322581 3 0.04 1 0 0.142857142857143 0 3 2 0 0.875 5 0 3 3.5 1
"137" 0.2 0 0 0 0.25 0 0 0 0 0 0 0 1 0 0 0 0 0 0 0 0 0 0 0.666666666666667 2 1.33333333333333 0 0.6 0.142857142857143 1 1 0 0 0 0 0 0 0 0 0 0 2 0.666666666666667 0 0 0 0.333333333333333 0.333333333333333 0.5 0 0 0.625 0.125 0.2 1.66666666666667 0.5 1 0 0.25 0 1 0.75 0.0714285714285714 0 0 0 0 0.222222222222222 0 0 0.166666666666667 0 0.473684210526316 0 3 0 0.75 0.666666666666667 0 0 0 0 1 4 0 0 0.142857142857143 2 4 0 0 0.5 1 0 2 1.5 0.25 0.125 1 0.5
"138" 0 0 0 0.5 0 0.666666666666667 0.5 2 4 0 1 0 0.222222222222222 0 0 0 2 0 0 1 2 5 4 0.166666666666667 0.125 0 0 4 1 0.5 0.571428571428572 0.333333333333333 0.0625 0.666666666666667 0.333333333333333 0 3 2 5 0.666666666666667 0.75 0 2 0 1 1 6 1 0 0.714285714285714 0.0555555555555555 0.2 0.111111111111111 0.266666666666667 0.027027027027027 0 0.714285714285714 1 2 1 1 0.333333333333333 0 0.444444444444444 0.0833333333333333 1 2 0.5 0 2 0.285714285714286 0.00617283950617283 0.0666666666666667 0.166666666666667 1 0 0 0.0377358490566038 0.037037037037037 0.0454545454545455 0.5 0.0645161290322581 0 1 1 0 0.0975609756097561 0 0.153846153846154 0.0625 0 0.4 1 2 0 3 0 0 1 0
"139" 0 2 0.25 1 1 0 0 3 0 2.2 0.2 0 0 0 1 2 4 2 0.153846153846154 0 0 0.285714285714286 0.5 0 2 0 0 3 0.333333333333333 0 0 4 0 1.33333333333333 0.5 0 0 0 1.33333333333333 1.66666666666667 0.166666666666667 1 0.076923076923077 0 0 0 0 0.31578947368421 0.142857142857143 0.181818181818182 0 1 0.25 0.142857142857143 0.214285714285714 2.33333333333333 1 0 1.5 3 1 3 0 0.333333333333333 0.8 2 0.178571428571429 0 3 2 0.5 1 0.5 0 6 0 2 0 1.75 0 1 0.125 0.0666666666666667 0 0.666666666666667 0 2.28571428571429 0.333333333333333 0 0.4 0 0.75 0.333333333333333 0 0 0 2 0.5 0 0.75
"140" 0 0 0.4 0 0 0 0 0 0 0 0 0 0 0 0 0.5 0 0 0 0 0 0.333333333333333 0 0 0 0 0 0.0833333333333333 0 0 0 0 0 0 0 0 1 0 0 0 0 0.333333333333333 0 0 0.2 0 0.125 0 0 0.666666666666667 0 0.0967741935483871 0 0.114285714285714 0 0 0.166666666666667 0 0 0 0 0.25 0.0526315789473684 0.1 0 0 0.0666666666666667 0 0 0 0.117647058823529 0.0833333333333333 0.0434782608695652 0 0 0 0 0 0 0.272727272727273 0.181818181818182 0 0.0526315789473684 0 0.133333333333333 0 0.175 0 0.235294117647059 0 0 0 0.25 0 0 0 0.333333333333333 0.166666666666667 0 0
"141" 2 0 15 1 1.33333333333333 0 0 2.375 0 0 0 0 0 7 3 0.5 0 1 0 0 2.16666666666667 1 1 0.6 0 1 7 3 0 0 0 0.5 0 0 0 3 1 1 0 0 0 1 6 1 1.33333333333333 1 1.66666666666667 0 0 0.333333333333333 0.25 0.5 0 0.833333333333333 1 3 0 0 0.5 0.166666666666667 1.33333333333333 1 0.1 0.25 0.25 3 1 0 2.5 0 1.5 1 3 1 1 3 1.33333333333333 2 0.727272727272727 1 0.230769230769231 0 1 1.5 0.166666666666667 3 1 0.5 0.0434782608695652 1 3 0 0 2 2 1.66666666666667 0 0.5 0 0.0555555555555555
"142" 0 0 0 0 0.75 0 0.357142857142857 0 0 0 0 1 0 0 0.5 0 0 0.166666666666667 0 0 0 0.666666666666667 0 0 0 0 0 0 1 1 1 1 0 1 0 0 0 0 0.2 3.5 0 0 0 1 0 0 0.0769230769230769 0.25 0 0.125 0.125 1.5 0.0666666666666667 0.333333333333333 0.25 0 0 0 0 0 1 0 0.166666666666667 0.125 0 0 0 1 0 0 0.181818181818182 0.12 0.12280701754386 0 0.5 0 3 0.2 0.363636363636364 0.5 0.25 0 0.196428571428571 0 0.4 3 0.0476190476190476 2 0 0.5 0.666666666666667 0.1 1 0 0 0 0 6 0 2
"143" 1 2 4 1 0.666666666666667 0 4 0.5 0.2 0.25 0.214285714285714 0 3 0.666666666666667 0.5 3 0.137931034482759 1 2 1 0.5 0.333333333333333 0.333333333333333 0.5 0 1 1 1 0.5 3.66666666666667 0 0 0.8 0 0.666666666666667 0 1 1 0.208333333333333 0.666666666666667 2 0 0 0 1 0 0.666666666666667 0.117647058823529 0 2 0.25 0.1 0.4 0.129032258064516 0.166666666666667 4 0.181818181818182 0 0.5 0 0.6 0.0434782608695652 0 0.333333333333333 0 0 0 0 1 0 0.25 0.260869565217391 0.142857142857143 0 0.5 1 0 0.148148148148148 0.142857142857143 1 2 1 0.0909090909090909 0.0714285714285714 0.10958904109589 1 0.166666666666667 0.6 0.3 0.666666666666667 0.5 0 1 0.5 1 0.2 0 0 0 1
"144" 0 0 0 0 0 0 0 0 0.4 0 0 0 0 0 0 0.5 0 0 0 0.25 0 0.0714285714285714 0 0.0303030303030303 0 0 0 0 0 0.125 0 0 0 0 0 0 0 0 0 0 0 0 0 0 0 0 0.0526315789473684 0 0 0 0 0 0 0 0 0 0 0 0 0 0 0 0 0 0 0 0 0 0 0 0 0 0 0 0 0 0 0 0 0 0 0 0 0 0 0 0 0 0 0 0 0 0 0 0 0 0 0 0 0
"145" 0.666666666666667 4 0.166666666666667 0.0714285714285715 0 0 7 3 5 0.5 0.0555555555555555 0.0714285714285714 0.166666666666667 0 0 1 2 0.0714285714285714 0.0666666666666667 0 0.75 0 3 0.666666666666667 1 6 0 3 0.0327868852459016 1 0.0740740740740741 0.142857142857143 0.133333333333333 0.5 0.25 0 0 0 8 5 3 2 0.375 0 0 2 2 4 0.75 0.285714285714286 0.5 0.0882352941176471 0.142857142857143 0 0.0454545454545455 0 9 0 1.66666666666667 0 0 0.0674157303370786 0.1 0.25 0 0 6 0.785714285714286 0.333333333333333 1 0.111111111111111 0.0681818181818182 0.428571428571429 0 0 0 6 8 0.4 0.0238095238095238 0.0555555555555555 0.444444444444444 0.142857142857143 0.5 0.166666666666667 1 0.114942528735632 0.4 0.142857142857143 1 0.25 0 1 1 1 4 3 0.5 3 0
"146" 0.19047619047619 2 0.8 0.4 2 2 5 0 2 0 1 1 0 0.5 0.666666666666667 1 0.545454545454546 0.666666666666667 0 0.333333333333333 0.833333333333333 1 0 0 0 1 1 5 0.24 0.125 1 0.333333333333333 0 0 4 0 1 0 0 0.285714285714286 0 0 1 1.5 0 1 0 1 0.75 0.0416666666666667 0.153846153846154 0.5 0.333333333333333 0.0285714285714286 0.3 1 0 2 1.33333333333333 0.5 0.117647058823529 0.0289855072463768 0 0.25 0 2 0.333333333333333 0.111111111111111 1 0.5 0.166666666666667 0.0384615384615385 0.037037037037037 1 0 0 0 1 2 0.04 0.333333333333333 0.0666666666666667 0.0909090909090909 0 0.25 0 0.384615384615385 0.5 0.111111111111111 0 0.5 0.5 1 0.333333333333333 0 1 0 0 0.0909090909090909 0.076923076923077
"147" 0.266666666666667 1 0 0 0.5 0 0 6 5 2 3 1 0 2 1 3 0.818181818181818 0 1 0 0.266666666666667 0 1 3 0 0.5 1 1 1 0.666666666666667 0.208333333333333 0.333333333333333 0.142857142857143 0 0.666666666666667 2 10 0 0 0 1 0 0 0.285714285714286 0.0769230769230769 0 0.166666666666667 0 0 0.25 0 1 1 0.666666666666667 1.75 0 1.5 0 12 1 4 0 0 0.0714285714285715 0 3 4 4 1 1 0 0.0232558139534884 0.138888888888889 0 0.285714285714286 1 0 0 4 5 3 1 0 1 0 4 3 1 0 0 0.111111111111111 0 1 0 0 3 1 8 2 0
"148" 1 0.25 0.428571428571429 1 2 0 3 1 0.5 0.444444444444444 0.2 0 0.363636363636364 0 0.4 1.5 2.5 3 0 1 0.2 0.0588235294117647 0 0 4 1 1.5 0 1 0.1 0.0909090909090909 0.25 0.0714285714285715 1 0.5 0 10 0 1 6 0.285714285714286 0.2 0.0833333333333333 0.777777777777778 0.25 3 0.733333333333333 0 1 0.8 0.285714285714286 0.444444444444444 0.217391304347826 0.666666666666667 0.142857142857143 3 1 1 0.25 1 0.363636363636364 0.347826086956522 1 0.125 1 4 0.636363636363636 0.5 0.333333333333333 0 0.166666666666667 0.238095238095238 0 0.545454545454546 0.333333333333333 0.875 5 1.5 0.139240506329114 0.2 0.238095238095238 0.5 0.166666666666667 0.25 0.222222222222222 1 0.714285714285714 2 1 0 2 0.142857142857143 0.0833333333333333 0 0.25 0.25 0 4 0.5 3
"149" 0 1 0.222222222222222 0.25 2 2 0 1 3 0 3 0 2 0.333333333333333 1 1 1 0 0 3 4 9 0.666666666666667 0.5 0.25 0 0 1 0.5 3.33333333333333 0.75 0.5 0 2 1 3 6 1 1 5 0.3 0.5 0.0909090909090909 1 0.222222222222222 5 0.333333333333333 0.166666666666667 0 0.181818181818182 0.1875 0.03125 0.0588235294117647 0.25 0.2 0 13 0 0.833333333333333 0 1 0.166666666666667 0 1 1.5 4.5 0.142857142857143 0 4 2 0.222222222222222 0 0.333333333333333 0 0.166666666666667 4.6 0.24390243902439 0.333333333333333 0.181818181818182 0.166666666666667 1 0.4 1 1 0.194029850746269 2 11 1 0.259259259259259 1 0 1 0.75 0.05 2 6 4 0.333333333333333 0.333333333333333 0.25
"150" 0 0 0 0 0 0 0 0 0 0 0 0 0 0 0 0 0 0 0 0 0 0 0 0 0 0 0 0 0 0.0547945205479452 0 0 0 0 0 0 0 0 0 0 0 0 0 0 0 0 0 0 0 0 0 0 0 0 0 0 0 0 0 0 0 0 0 0 0 0 0 0 0 0 0 0 0 0 0 0 0 0 0 0 0 0 0 0 0 0 0 0 0 0 0 0 0 0 0 0 0 0 0 0
